Mass (u)	P1_SQ0	P2_SQ0	P3_SQ0	P1_SQ1	P1_SQ2	P1_SQ3	P1_SQ4	P1_SQ5	P2_SQ1	P2_SQ2	P2_SQ3	P2_SQ4	P2_SQ5	P3_SQ1	P3_SQ2	P3_SQ3	P3_SQ4	P3_SQ5
1.00844	8.29E-02	7.46E-02	7.60E-02	1.36E-01	2.19E-01	2.02E-01	1.76E-01	1.63E-01	1.31E-01	2.16E-01	1.95E-01	1.72E-01	1.43E-01	1.36E-01	2.27E-01	2.10E-01	1.82E-01	1.66E-01
1.0347	3.43E-04	3.15E-04	3.19E-04	4.36E-04	6.35E-04	5.58E-04	4.90E-04	4.19E-04	4.03E-04	5.96E-04	5.39E-04	4.61E-04	3.82E-04	4.72E-04	6.04E-04	5.71E-04	4.94E-04	4.55E-04
12.00048	6.07E-03	5.02E-03	5.17E-03	2.27E-02	1.04E-02	9.84E-03	9.18E-03	8.98E-03	2.41E-02	9.67E-03	9.56E-03	8.90E-03	7.67E-03	2.29E-02	1.03E-02	9.77E-03	9.15E-03	9.15E-03
12.09122	2.53E-05	2.15E-05	2.30E-05	6.96E-05	2.70E-05	3.10E-05	2.98E-05	2.95E-05	8.92E-05	2.50E-05	2.84E-05	3.30E-05	2.40E-05	7.98E-05	3.52E-05	3.36E-05	2.99E-05	2.93E-05
13.00841	1.20E-02	1.06E-02	1.08E-02	2.93E-02	2.77E-02	2.62E-02	2.31E-02	2.20E-02	2.96E-02	2.67E-02	2.50E-02	2.20E-02	1.89E-02	2.95E-02	2.83E-02	2.62E-02	2.34E-02	2.23E-02
13.10274	5.00E-05	4.34E-05	4.40E-05	9.76E-05	7.14E-05	6.64E-05	5.63E-05	6.25E-05	8.22E-05	7.19E-05	7.21E-05	6.28E-05	4.54E-05	7.39E-05	7.82E-05	7.05E-05	5.48E-05	6.24E-05
14.01619	1.61E-03	1.54E-03	1.55E-03	2.04E-03	4.44E-03	4.06E-03	3.35E-03	3.01E-03	1.83E-03	4.47E-03	3.86E-03	3.24E-03	2.63E-03	2.01E-03	4.74E-03	4.23E-03	3.51E-03	3.09E-03
15.02547	3.97E-04	4.02E-04	3.99E-04	3.23E-05	5.14E-04	4.78E-04	4.78E-04	4.64E-04	3.13E-05	5.74E-04	5.14E-04	4.87E-04	4.04E-04	3.29E-05	5.67E-04	5.20E-04	4.71E-04	4.51E-04
15.9955	3.84E-02	3.14E-02	3.28E-02	1.99E-01	9.49E-02	7.41E-02	5.97E-02	5.23E-02	2.06E-01	7.68E-02	7.13E-02	5.78E-02	4.71E-02	2.00E-01	7.99E-02	7.25E-02	6.04E-02	5.38E-02
16.09983	1.26E-04	1.07E-04	9.99E-05	5.20E-04	2.32E-04	1.73E-04	1.47E-04	1.28E-04	4.97E-04	1.92E-04	1.78E-04	1.29E-04	1.14E-04	5.38E-04	1.84E-04	1.82E-04	1.33E-04	1.37E-04
17.00338	2.79E-02	2.39E-02	2.44E-02	8.27E-02	8.18E-02	6.74E-02	5.38E-02	4.72E-02	7.98E-02	7.31E-02	6.61E-02	5.31E-02	4.23E-02	8.23E-02	7.56E-02	6.85E-02	5.57E-02	4.85E-02
17.11108	1.01E-04	9.06E-05	9.38E-05	2.32E-04	2.26E-04	1.70E-04	1.33E-04	1.32E-04	2.13E-04	1.98E-04	1.78E-04	1.39E-04	1.19E-04	2.19E-04	1.83E-04	2.00E-04	1.48E-04	1.27E-04
17.99976	7.25E-05	5.14E-05	6.10E-05	3.49E-04	1.78E-04	1.38E-04	1.15E-04	9.29E-05	3.62E-04	1.47E-04	1.30E-04	1.07E-04	9.29E-05	3.98E-04	1.44E-04	1.30E-04	1.18E-04	8.72E-05
18.00757	1.36E-05	1.36E-05	1.33E-05	5.82E-05	4.75E-05	2.66E-05	2.86E-05	2.35E-05	5.80E-05	3.62E-05	3.23E-05	2.86E-05	2.71E-05	6.16E-05	4.89E-05	3.91E-05	3.02E-05	2.60E-05
18.999	1.13E-03	5.88E-04	1.94E-03	2.99E-02	6.00E-03	3.89E-03	2.83E-03	2.27E-03	3.12E-02	4.86E-03	4.02E-03	2.86E-03	2.07E-03	2.92E-02	5.41E-03	4.23E-03	3.06E-03	2.46E-03
23.99989	1.70E-02	1.21E-02	1.25E-02	5.54E-02	1.55E-02	1.58E-02	1.63E-02	1.63E-02	5.96E-02	1.44E-02	1.50E-02	1.57E-02	1.39E-02	5.68E-02	1.50E-02	1.52E-02	1.60E-02	1.67E-02
24.128	9.26E-05	7.26E-05	6.87E-05	1.98E-04	8.27E-05	8.86E-05	8.47E-05	8.83E-05	2.42E-04	7.87E-05	8.39E-05	8.14E-05	7.71E-05	2.26E-04	8.21E-05	9.15E-05	8.50E-05	8.51E-05
25.00845	5.03E-02	4.48E-02	4.61E-02	9.25E-02	5.59E-02	5.85E-02	6.36E-02	6.49E-02	9.43E-02	5.46E-02	5.63E-02	6.10E-02	5.50E-02	9.47E-02	5.66E-02	5.82E-02	6.36E-02	6.61E-02
25.13864	4.76E-04	4.18E-04	4.36E-04	3.61E-04	3.93E-04	4.39E-04	4.85E-04	5.06E-04	3.88E-04	3.58E-04	3.92E-04	4.64E-04	4.24E-04	4.36E-04	3.91E-04	4.28E-04	4.56E-04	5.06E-04
26.00376	2.09E-03	1.54E-03	2.42E-03	2.31E-02	7.43E-03	4.81E-03	4.68E-03	4.38E-03	2.01E-02	3.86E-03	4.25E-03	3.91E-03	4.30E-03	1.97E-02	3.94E-03	3.85E-03	3.75E-03	3.69E-03
26.012	1.44E-03	1.28E-03	1.44E-03	4.60E-03	2.47E-03	2.23E-03	2.30E-03	2.25E-03	4.67E-03	1.93E-03	1.75E-03	2.10E-03	2.12E-03	4.38E-03	2.03E-03	2.09E-03	2.26E-03	2.25E-03
26.13667	2.00E-05	1.53E-05	2.43E-05	1.21E-04	6.70E-05	5.20E-05	5.70E-05	4.67E-05	8.92E-05	4.21E-05	4.58E-05	4.57E-05	5.31E-05	9.81E-05	4.38E-05	4.78E-05	4.16E-05	4.66E-05
26.98199	7.10E-05	5.88E-05	6.11E-05	1.22E-05	2.42E-04	1.88E-04	1.33E-04	1.06E-04	2.04E-05	2.32E-04	1.81E-04	1.38E-04	1.00E-04	1.76E-05	2.34E-04	2.10E-04	1.45E-04	1.15E-04
27.02513	5.87E-04	5.80E-04	5.85E-04	5.53E-05	1.29E-03	1.41E-03	1.45E-03	1.53E-03	5.56E-05	1.41E-03	1.36E-03	1.48E-03	1.36E-03	5.71E-05	1.35E-03	1.44E-03	1.53E-03	1.55E-03
27.97702	2.22E-04	2.24E-04	2.36E-04	2.77E-03	9.62E-05	4.50E-05	1.74E-05	1.63E-05	2.77E-03	1.22E-04	6.17E-05	2.03E-05	1.68E-05	2.73E-03	1.19E-04	5.50E-05	2.71E-05	1.25E-05
28.98512	2.11E-04	2.14E-04	2.34E-04	1.74E-03	9.18E-05	5.76E-05	2.28E-05	1.92E-05	1.72E-03	1.10E-04	6.69E-05	2.59E-05	2.45E-05	1.79E-03	1.24E-04	6.00E-05	3.60E-05	2.18E-05
29.00348	1.21E-04	1.26E-04	1.21E-04	3.68E-05	2.28E-04	2.72E-04	3.13E-04	3.18E-04	3.30E-05	2.33E-04	2.74E-04	3.07E-04	2.88E-04	4.41E-05	2.44E-04	2.75E-04	3.35E-04	3.26E-04
29.99309	3.47E-05	3.23E-05	3.44E-05	2.15E-04	2.09E-05	1.11E-05	8.83E-06	6.31E-06	1.97E-04	2.27E-05	1.14E-05	5.89E-06	6.89E-06	2.15E-04	2.27E-05	1.37E-05	7.70E-06	7.47E-06
31.01867	7.35E-05	6.86E-05	7.21E-05	1.51E-05	1.11E-04	1.01E-04	9.65E-05	9.21E-05	1.49E-05	9.88E-05	8.64E-05	9.35E-05	8.37E-05	2.05E-05	1.06E-04	8.90E-05	9.12E-05	9.29E-05
31.97238	3.26E-05	2.24E-05	1.81E-05	1.97E-04	1.36E-03	1.63E-04	1.30E-04	9.43E-05	1.30E-04	2.01E-04	1.78E-04	1.24E-04	1.52E-04	1.49E-04	2.21E-04	1.98E-04	1.51E-04	1.08E-04
31.98982	5.55E-04	4.66E-04	4.69E-04	3.10E-03	2.24E-03	1.57E-03	1.20E-03	1.03E-03	3.06E-03	1.68E-03	1.53E-03	1.15E-03	9.22E-04	3.10E-03	1.70E-03	1.56E-03	1.23E-03	1.07E-03
32.98045	3.16E-05	2.53E-05	2.33E-05	7.32E-05	1.30E-03	1.94E-04	1.55E-04	1.42E-04	4.31E-05	2.70E-04	1.98E-04	1.63E-04	2.33E-04	5.49E-05	2.94E-04	2.35E-04	1.95E-04	1.52E-04
32.99744	1.53E-04	1.24E-04	1.21E-04	4.45E-04	6.69E-04	4.46E-04	3.25E-04	2.69E-04	3.99E-04	5.21E-04	4.60E-04	3.46E-04	2.53E-04	3.82E-04	5.30E-04	4.57E-04	3.39E-04	2.73E-04
34.9701	2.52E-03	2.36E-03	2.40E-03	9.62E-04	5.11E-02	5.15E-02	3.15E-02	2.14E-02	8.77E-04	5.89E-02	5.30E-02	3.10E-02	3.71E-02	8.54E-04	5.05E-02	4.54E-02	2.59E-02	1.67E-02
35.12476	2.54E-05	1.91E-05	2.16E-05	2.87E-06	4.13E-04	4.81E-04	3.17E-04	2.12E-04	7.83E-06	5.59E-04	4.60E-04	3.08E-04	3.61E-04	2.20E-06	4.54E-04	4.52E-04	2.54E-04	1.50E-04
36.00044	4.50E-03	3.69E-03	3.84E-03	1.05E-02	4.18E-03	4.65E-03	5.15E-03	5.28E-03	1.07E-02	4.00E-03	4.37E-03	5.00E-03	4.46E-03	1.07E-02	4.22E-03	4.45E-03	5.07E-03	5.44E-03
36.15832	5.58E-05	4.77E-05	4.83E-05	7.32E-05	3.83E-05	5.06E-05	5.36E-05	5.91E-05	6.50E-05	3.80E-05	4.54E-05	5.25E-05	4.75E-05	6.08E-05	3.48E-05	5.14E-05	6.40E-05	6.93E-05
36.96741	7.62E-04	7.15E-04	7.27E-04	3.06E-04	1.70E-02	1.63E-02	9.76E-03	6.63E-03	2.91E-04	1.88E-02	1.68E-02	9.72E-03	1.20E-02	2.76E-04	1.59E-02	1.43E-02	8.00E-03	5.22E-03
37.0089	4.98E-03	4.43E-03	4.46E-03	4.13E-03	3.96E-03	4.77E-03	5.25E-03	5.28E-03	4.01E-03	4.34E-03	4.58E-03	5.03E-03	4.61E-03	4.13E-03	4.33E-03	4.65E-03	5.12E-03	5.35E-03
37.16839	4.88E-05	4.97E-05	4.64E-05	2.30E-05	6.01E-05	6.83E-05	6.28E-05	5.62E-05	2.43E-05	5.22E-05	6.49E-05	5.58E-05	5.36E-05	2.56E-05	5.44E-05	5.87E-05	5.14E-05	4.93E-05
38.01862	3.39E-03	3.12E-03	3.18E-03	1.71E-03	2.69E-03	3.29E-03	3.69E-03	3.75E-03	1.44E-03	3.18E-03	3.19E-03	3.55E-03	3.27E-03	1.57E-03	3.26E-03	3.36E-03	3.75E-03	3.84E-03
38.17263	2.72E-05	2.71E-05	2.93E-05	1.29E-05	1.31E-05	1.88E-05	2.04E-05	2.64E-05	4.70E-06	1.68E-05	1.70E-05	2.21E-05	2.02E-05	9.52E-06	1.88E-05	2.13E-05	2.15E-05	2.33E-05
39.00645	1.36E-04	1.14E-04	1.52E-04	1.94E-04	1.05E-04	1.35E-04	1.50E-04	1.54E-04	1.70E-04	1.32E-04	1.92E-04	1.47E-04	1.49E-04	1.74E-04	1.31E-04	1.38E-04	1.43E-04	1.44E-04
39.02161	1.58E-03	1.57E-03	1.60E-03	4.22E-04	1.08E-03	1.36E-03	1.80E-03	2.07E-03	3.39E-04	1.15E-03	1.32E-03	1.81E-03	1.86E-03	4.15E-04	1.17E-03	1.38E-03	1.85E-03	2.16E-03
39.97306	4.02E-05	3.70E-05	4.01E-05	4.61E-04	4.35E-06	1.18E-05	3.65E-06	4.87E-06	4.65E-04	1.79E-05	4.89E-05	7.37E-06	6.63E-06	4.58E-04	1.80E-05	1.41E-05	8.62E-06	7.76E-06
39.99143	2.08E-03	1.69E-03	1.78E-03	3.88E-03	3.58E-03	3.74E-03	3.81E-03	3.80E-03	3.90E-03	3.39E-03	3.62E-03	3.76E-03	3.31E-03	3.99E-03	3.45E-03	3.59E-03	3.83E-03	3.86E-03
40.01532	5.74E-05	5.41E-05	7.30E-05	7.55E-05	1.44E-04	1.03E-04	9.89E-05	1.05E-04	4.98E-05	9.10E-05	8.88E-05	8.88E-05	1.13E-04	6.00E-05	8.55E-05	7.56E-05	8.92E-05	9.52E-05
40.16358	2.00E-05	1.83E-05	1.76E-05	2.51E-05	2.13E-05	3.10E-05	2.92E-05	2.72E-05	2.43E-05	2.35E-05	1.91E-05	2.65E-05	2.83E-05	1.90E-05	3.44E-05	2.71E-05	2.43E-05	2.21E-05
40.98627	3.62E-04	3.51E-04	3.78E-04	6.09E-04	1.89E-04	1.91E-04	2.07E-04	2.32E-04	6.00E-04	1.84E-04	3.92E-04	2.29E-04	2.24E-04	6.29E-04	2.02E-04	2.15E-04	2.39E-04	2.50E-04
41.00621	1.42E-02	1.37E-02	1.41E-02	5.67E-03	1.46E-02	1.78E-02	2.15E-02	2.34E-02	5.21E-03	1.51E-02	1.70E-02	2.17E-02	2.09E-02	5.56E-03	1.51E-02	1.76E-02	2.16E-02	2.39E-02
41.17345	1.65E-04	1.56E-04	1.60E-04	5.81E-05	1.03E-04	1.44E-04	1.72E-04	1.86E-04	4.78E-05	1.16E-04	1.22E-04	1.55E-04	1.48E-04	5.27E-05	1.16E-04	1.22E-04	1.71E-04	1.59E-04
41.99668	8.78E-05	8.02E-05	1.07E-04	2.88E-04	2.29E-03	1.20E-04	1.33E-04	1.11E-04	2.19E-04	7.79E-05	4.86E-04	9.88E-05	9.55E-05	2.17E-04	8.64E-05	6.87E-05	7.11E-05	7.08E-05
42.0034	3.17E-04	2.59E-04	3.62E-04	1.56E-03	1.09E-03	1.45E-03	1.42E-03	1.34E-03	1.27E-03	1.21E-03	1.02E-03	1.22E-03	1.35E-03	1.18E-03	1.10E-03	1.17E-03	1.21E-03	1.09E-03
42.97654	2.66E-03	2.22E-03	2.31E-03	7.06E-04	7.96E-03	6.18E-03	5.08E-03	4.28E-03	7.30E-04	6.64E-03	6.09E-03	4.86E-03	3.58E-03	7.02E-04	7.00E-03	6.27E-03	5.20E-03	4.48E-03
42.9993	1.28E-04	1.29E-04	1.41E-04	3.00E-04	8.21E-04	7.56E-04	5.85E-04	5.35E-04	2.51E-04	8.26E-04	7.56E-04	5.88E-04	4.05E-04	2.67E-04	8.11E-04	7.35E-04	5.59E-04	4.74E-04
43.01936	1.11E-03	1.13E-03	1.13E-03	1.21E-04	1.96E-03	2.64E-03	3.37E-03	4.04E-03	9.18E-05	2.17E-03	2.54E-03	3.72E-03	3.84E-03	1.01E-04	2.17E-03	2.65E-03	3.67E-03	4.14E-03
43.14686	3.60E-05	2.94E-05	3.37E-05	2.87E-06	6.96E-05	5.17E-05	4.48E-05	4.27E-05	2.35E-06	5.96E-05	4.82E-05	4.19E-05	3.19E-05	2.93E-06	5.48E-05	5.39E-05	4.56E-05	4.54E-05
43.97061	2.39E-04	2.37E-04	2.80E-04	2.48E-04	5.66E-05	4.83E-05	3.23E-05	3.01E-05	2.30E-04	7.49E-05	1.18E-04	4.16E-05	2.96E-05	2.40E-04	8.96E-05	6.29E-05	4.09E-05	3.40E-05
43.98649	1.76E-04	1.66E-04	1.66E-04	1.12E-04	5.71E-04	5.14E-04	4.59E-04	4.07E-04	1.20E-04	5.51E-04	4.22E-04	4.41E-04	3.52E-04	1.13E-04	5.59E-04	5.13E-04	4.70E-04	4.24E-04
44.98047	2.92E-04	2.93E-04	3.11E-04	7.32E-04	1.31E-04	9.71E-05	8.83E-05	7.83E-05	6.45E-04	1.13E-04	3.35E-04	8.87E-05	7.99E-05	6.86E-04	1.31E-04	9.19E-05	9.02E-05	9.08E-05
44.99943	3.97E-03	3.95E-03	4.03E-03	8.99E-04	6.29E-03	8.56E-03	1.16E-02	1.34E-02	8.27E-04	6.58E-03	8.04E-03	1.20E-02	1.19E-02	8.63E-04	6.60E-03	8.25E-03	1.18E-02	1.38E-02
45.17417	3.00E-05	3.25E-05	3.21E-05	5.02E-06	2.39E-05	3.58E-05	5.72E-05	6.51E-05	4.70E-06	3.09E-05	4.34E-05	5.78E-05	6.07E-05	5.12E-06	2.93E-05	4.23E-05	5.91E-05	6.57E-05
46.00295	4.42E-05	4.57E-05	4.68E-05	8.61E-06	7.36E-05	9.86E-05	1.43E-04	1.58E-04	1.41E-05	9.59E-05	9.41E-05	1.38E-04	1.56E-04	8.05E-06	1.03E-04	1.02E-04	1.45E-04	1.70E-04
46.99451	6.05E-05	3.02E-05	1.10E-04	9.11E-05	6.44E-05	5.91E-05	4.32E-05	4.42E-05	8.85E-05	4.70E-05	5.62E-05	4.57E-05	4.82E-05	9.96E-05	6.10E-05	4.23E-05	4.71E-05	5.02E-05
47.99986	4.10E-03	3.40E-03	3.54E-03	1.43E-02	3.57E-03	4.22E-03	5.23E-03	5.47E-03	1.51E-02	3.32E-03	4.02E-03	4.98E-03	4.61E-03	1.46E-02	3.35E-03	4.11E-03	5.06E-03	5.61E-03
48.18128	6.37E-05	5.70E-05	5.92E-05	9.83E-05	4.96E-05	5.24E-05	7.40E-05	7.34E-05	1.15E-04	4.92E-05	4.30E-05	6.46E-05	6.48E-05	1.19E-04	4.81E-05	4.16E-05	5.85E-05	8.69E-05
49.00919	2.15E-02	2.03E-02	2.10E-02	1.71E-02	1.12E-02	1.49E-02	2.07E-02	2.31E-02	1.70E-02	1.14E-02	1.41E-02	2.00E-02	1.98E-02	1.75E-02	1.17E-02	1.46E-02	2.03E-02	2.35E-02
49.19155	3.39E-04	3.08E-04	3.08E-04	1.53E-04	1.28E-04	1.86E-04	2.95E-04	3.25E-04	1.46E-04	1.29E-04	1.75E-04	2.68E-04	2.54E-04	1.73E-04	1.39E-04	1.76E-04	2.63E-04	3.16E-04
50.01346	1.72E-03	1.57E-03	1.71E-03	3.03E-03	1.51E-03	1.60E-03	2.08E-03	2.29E-03	2.75E-03	1.32E-03	1.48E-03	2.00E-03	2.02E-03	2.69E-03	1.33E-03	1.52E-03	2.03E-03	2.30E-03
50.98248	6.47E-04	5.41E-04	5.59E-04	5.88E-05	6.85E-04	7.61E-04	7.50E-04	7.01E-04	8.06E-05	6.85E-04	6.83E-04	7.01E-04	5.78E-04	7.61E-05	7.44E-04	7.17E-04	7.00E-04	7.25E-04
51.02542	1.46E-03	1.50E-03	1.52E-03	4.53E-04	1.34E-03	1.74E-03	2.32E-03	2.59E-03	3.59E-04	1.47E-03	1.67E-03	2.26E-03	2.30E-03	4.07E-04	1.50E-03	1.76E-03	2.36E-03	2.67E-03
51.16802	1.33E-05	1.59E-05	1.44E-05	0.00E+00	5.66E-06	1.14E-05	1.31E-05	1.95E-05	7.83E-07	1.12E-05	5.89E-06	8.84E-06	9.95E-06	0.00E+00	8.60E-06	1.45E-05	1.11E-05	1.58E-05
51.97677	5.85E-05	5.22E-05	5.96E-05	3.88E-04	6.79E-05	6.24E-05	3.56E-05	2.52E-05	3.53E-04	8.76E-05	8.46E-05	4.13E-05	4.03E-05	3.35E-04	7.16E-05	6.19E-05	3.17E-05	2.36E-05
51.99509	7.01E-04	6.42E-04	6.32E-04	5.75E-04	5.94E-04	7.53E-04	8.67E-04	9.85E-04	5.97E-04	5.99E-04	7.12E-04	9.15E-04	8.51E-04	5.88E-04	6.02E-04	7.03E-04	8.76E-04	9.61E-04
52.02839	9.42E-05	9.27E-05	9.31E-05	3.45E-05	1.20E-04	1.38E-04	1.66E-04	1.81E-04	2.90E-05	1.35E-04	1.19E-04	1.52E-04	1.62E-04	3.74E-05	1.31E-04	1.41E-04	1.72E-04	1.72E-04
53.00429	1.05E-02	1.02E-02	1.03E-02	6.92E-04	2.05E-03	3.14E-03	4.00E-03	4.16E-03	6.79E-04	2.43E-03	3.06E-03	4.03E-03	3.97E-03	6.91E-04	2.46E-03	2.97E-03	4.03E-03	4.30E-03
53.19362	7.55E-05	7.53E-05	7.40E-05	8.61E-06	1.48E-05	1.99E-05	2.50E-05	2.67E-05	6.26E-06	1.75E-05	1.49E-05	2.30E-05	2.50E-05	2.20E-06	1.45E-05	1.99E-05	2.37E-05	2.99E-05
54.00932	5.99E-04	6.05E-04	5.90E-04	4.02E-05	2.19E-04	3.03E-04	3.67E-04	4.05E-04	4.38E-05	2.63E-04	3.03E-04	3.85E-04	3.67E-04	4.32E-05	2.74E-04	3.19E-04	3.93E-04	3.96E-04
54.97841	5.06E-05	4.28E-05	4.62E-05	1.22E-05	1.08E-04	1.10E-04	9.35E-05	9.06E-05	1.33E-05	1.14E-04	1.11E-04	1.04E-04	9.34E-05	1.68E-05	1.14E-04	1.02E-04	9.45E-05	9.41E-05
55.02025	1.70E-03	1.78E-03	1.74E-03	6.60E-05	5.58E-04	1.02E-03	1.46E-03	1.78E-03	4.62E-05	7.39E-04	1.02E-03	1.55E-03	1.71E-03	5.42E-05	6.64E-04	1.01E-03	1.56E-03	1.81E-03
55.97133	1.42E-05	1.58E-05	1.37E-05	5.02E-05	9.01E-05	1.99E-05	1.55E-05	1.46E-05	4.85E-05	2.42E-05	2.39E-05	1.95E-05	1.86E-05	5.05E-05	2.82E-05	2.21E-05	1.54E-05	1.61E-05
56.02104	2.83E-05	2.81E-05	3.27E-05	0.00E+00	1.00E-05	1.66E-05	1.98E-05	2.90E-05	2.35E-06	1.27E-05	1.98E-05	2.86E-05	2.78E-05	0.00E+00	1.17E-05	1.85E-05	2.53E-05	3.20E-05
56.98037	8.91E-05	9.64E-05	1.05E-04	7.68E-05	2.55E-04	6.35E-05	5.09E-05	5.10E-05	7.52E-05	7.64E-05	7.49E-05	5.57E-05	7.60E-05	8.35E-05	9.35E-05	7.92E-05	5.85E-05	5.02E-05
57.01792	3.92E-05	4.37E-05	4.51E-05	2.15E-06	1.31E-05	1.59E-05	1.98E-05	2.67E-05	0.00E+00	2.61E-05	6.56E-05	2.86E-05	2.89E-05	0.00E+00	2.19E-05	2.86E-05	3.24E-05	2.96E-05
57.03666	1.05E-04	1.23E-04	1.15E-04	5.02E-06	2.38E-04	2.50E-04	3.13E-04	3.75E-04	5.48E-06	3.19E-04	2.41E-04	3.48E-04	3.76E-04	3.66E-06	2.94E-04	2.97E-04	3.40E-04	3.96E-04
57.98745	3.67E-04	3.70E-04	3.95E-04	7.10E-05	1.44E-04	7.64E-05	7.52E-05	6.77E-05	5.17E-05	1.28E-04	2.77E-04	6.90E-05	7.17E-05	5.64E-05	1.32E-04	8.86E-05	8.28E-05	7.05E-05
58.00697	3.51E-04	3.57E-04	3.55E-04	7.17E-06	1.09E-03	1.05E-03	9.11E-04	9.07E-04	1.02E-05	1.25E-03	8.98E-04	9.17E-04	8.30E-04	1.39E-05	1.28E-03	1.14E-03	1.02E-03	9.42E-04
58.97239	3.38E-03	2.96E-03	3.04E-03	1.12E-03	1.18E-02	8.41E-03	6.76E-03	5.72E-03	1.22E-03	9.27E-03	8.22E-03	6.67E-03	5.12E-03	1.26E-03	9.54E-03	8.84E-03	7.12E-03	5.94E-03
58.99585	7.73E-04	8.69E-04	8.88E-04	9.14E-05	4.14E-04	3.33E-04	2.79E-04	2.39E-04	8.09E-05	4.99E-04	5.20E-04	3.38E-04	2.36E-04	7.34E-05	5.55E-04	4.70E-04	3.64E-04	2.64E-04
59.01579	1.94E-03	2.05E-03	1.99E-03	5.11E-05	1.12E-03	1.07E-03	1.17E-03	1.28E-03	4.95E-05	1.27E-03	9.75E-04	1.23E-03	1.15E-03	4.55E-05	1.27E-03	1.16E-03	1.22E-03	1.32E-03
59.1726	4.38E-05	4.27E-05	4.32E-05	6.46E-06	1.00E-04	7.97E-05	6.06E-05	5.91E-05	5.48E-06	8.05E-05	5.76E-05	6.13E-05	4.82E-05	1.02E-05	8.80E-05	7.52E-05	5.63E-05	4.81E-05
59.21617	1.41E-05	1.43E-05	1.44E-05	0.00E+00	5.22E-06	5.17E-06	4.57E-06	8.03E-06	0.00E+00	4.85E-06	4.51E-06	5.31E-06	7.91E-06	0.00E+00	4.30E-06	6.87E-06	5.24E-06	5.38E-06
59.96782	1.59E-03	1.46E-03	1.72E-03	3.33E-02	7.59E-04	4.16E-04	3.20E-04	2.40E-04	3.33E-02	6.48E-04	7.35E-04	3.54E-04	2.51E-04	3.38E-02	6.95E-04	4.83E-04	3.62E-04	2.85E-04
60.0008	1.97E-03	1.76E-03	1.85E-03	5.07E-03	1.43E-03	1.86E-03	2.48E-03	2.73E-03	5.25E-03	1.38E-03	1.61E-03	2.36E-03	2.29E-03	5.06E-03	1.40E-03	1.78E-03	2.40E-03	2.79E-03
60.20433	5.14E-05	4.48E-05	4.68E-05	4.59E-05	2.48E-05	3.73E-05	4.69E-05	5.42E-05	4.86E-05	2.09E-05	2.46E-05	4.63E-05	5.10E-05	6.15E-05	2.74E-05	2.97E-05	4.46E-05	5.53E-05
60.97575	1.05E-03	1.03E-03	1.20E-03	1.08E-02	4.28E-04	2.96E-04	2.49E-04	2.18E-04	1.00E-02	4.19E-04	5.89E-04	2.56E-04	2.33E-04	1.07E-02	4.52E-04	3.52E-04	2.74E-04	2.50E-04
60.9892	9.27E-04	9.61E-04	9.31E-04	1.92E-03	1.00E-03	1.06E-03	1.14E-03	1.20E-03	1.73E-03	1.08E-03	9.61E-04	1.14E-03	9.98E-04	1.94E-03	1.10E-03	1.11E-03	1.19E-03	1.16E-03
61.00967	2.61E-03	2.47E-03	2.54E-03	2.34E-03	1.42E-03	2.04E-03	2.85E-03	3.19E-03	2.35E-03	1.55E-03	1.76E-03	2.81E-03	2.79E-03	2.37E-03	1.58E-03	2.00E-03	2.87E-03	3.29E-03
61.2131	4.20E-05	3.69E-05	3.99E-05	2.08E-05	1.65E-05	2.80E-05	3.71E-05	3.90E-05	2.58E-05	1.64E-05	2.15E-05	3.60E-05	3.42E-05	2.12E-05	1.60E-05	2.17E-05	3.02E-05	4.51E-05
61.96502	5.31E-05	4.54E-05	5.14E-05	1.07E-03	3.00E-05	2.95E-05	1.92E-05	1.83E-05	1.04E-03	2.57E-05	4.13E-05	2.12E-05	2.04E-05	1.06E-03	3.32E-05	2.64E-05	2.19E-05	2.09E-05
62.01854	2.77E-03	2.72E-03	2.82E-03	1.16E-03	1.34E-03	1.94E-03	2.80E-03	3.21E-03	1.01E-03	1.45E-03	1.79E-03	2.72E-03	2.78E-03	1.14E-03	1.46E-03	1.89E-03	2.76E-03	3.20E-03
62.22143	3.27E-05	2.96E-05	2.82E-05	8.61E-06	1.48E-05	1.66E-05	2.47E-05	2.90E-05	1.02E-05	1.27E-05	1.11E-05	2.80E-05	3.09E-05	1.02E-05	9.39E-06	1.56E-05	1.88E-05	2.48E-05
62.98064	2.45E-04	2.07E-04	2.62E-04	1.96E-03	9.26E-04	2.94E-04	2.96E-04	2.95E-04	1.90E-03	3.05E-04	3.31E-04	2.98E-04	3.23E-04	1.89E-03	3.35E-04	3.29E-04	3.08E-04	2.93E-04
63.02652	1.88E-03	1.93E-03	1.92E-03	3.48E-04	7.70E-04	1.12E-03	1.69E-03	1.94E-03	3.19E-04	8.54E-04	1.03E-03	1.65E-03	1.74E-03	3.73E-04	8.41E-04	1.10E-03	1.74E-03	1.98E-03
63.99525	5.20E-04	4.70E-04	4.90E-04	3.80E-04	4.44E-04	5.26E-04	6.64E-04	7.21E-04	3.81E-04	3.96E-04	4.91E-04	6.63E-04	6.26E-04	3.58E-04	4.06E-04	4.97E-04	6.46E-04	7.29E-04
64.03132	3.62E-04	3.77E-04	3.97E-04	7.98E-05	3.05E-04	3.45E-04	4.04E-04	4.50E-04	7.21E-05	3.31E-04	3.13E-04	3.88E-04	4.15E-04	7.84E-05	3.35E-04	3.36E-04	4.11E-04	4.59E-04
65.00394	1.08E-02	1.09E-02	1.10E-02	1.08E-03	2.79E-03	4.31E-03	6.22E-03	7.02E-03	1.03E-03	3.23E-03	4.08E-03	6.20E-03	6.49E-03	1.03E-03	3.23E-03	4.22E-03	6.19E-03	7.19E-03
65.04149	7.32E-04	8.05E-04	7.71E-04	3.24E-05	2.41E-04	3.48E-04	5.45E-04	6.37E-04	2.67E-05	2.88E-04	2.87E-04	5.34E-04	5.93E-04	2.42E-05	3.07E-04	3.48E-04	5.13E-04	6.53E-04
65.21387	9.58E-05	9.38E-05	9.38E-05	1.65E-05	1.61E-05	3.43E-05	5.36E-05	5.53E-05	1.88E-05	2.16E-05	2.70E-05	5.19E-05	5.28E-05	1.24E-05	2.50E-05	3.47E-05	4.71E-05	5.65E-05
66.00752	1.04E-03	1.01E-03	1.08E-03	2.99E-04	6.10E-04	6.71E-04	9.34E-04	1.01E-03	2.68E-04	5.55E-04	6.52E-04	9.14E-04	9.83E-04	2.55E-04	5.51E-04	6.67E-04	9.12E-04	1.03E-03
66.97652	1.88E-03	1.63E-03	1.72E-03	1.03E-04	1.77E-03	1.87E-03	2.04E-03	2.04E-03	1.08E-04	1.67E-03	1.66E-03	1.96E-03	1.64E-03	1.22E-04	1.69E-03	1.83E-03	2.04E-03	2.07E-03
67.02182	6.54E-03	7.11E-03	6.78E-03	9.90E-05	1.03E-03	1.79E-03	2.65E-03	3.06E-03	7.75E-05	1.33E-03	1.74E-03	2.71E-03	2.91E-03	8.64E-05	1.32E-03	1.74E-03	2.67E-03	3.16E-03
67.18943	5.08E-05	4.77E-05	5.26E-05	2.87E-06	3.05E-05	2.88E-05	4.11E-05	4.67E-05	7.83E-07	3.06E-05	2.53E-05	4.19E-05	3.50E-05	7.32E-07	2.85E-05	3.54E-05	3.42E-05	4.48E-05
67.23562	4.36E-05	4.49E-05	4.55E-05	7.17E-07	4.79E-06	1.11E-05	1.13E-05	1.86E-05	7.83E-07	7.83E-06	7.98E-06	1.42E-05	1.43E-05	0.00E+00	4.69E-06	1.16E-05	1.14E-05	1.43E-05
67.9814	2.42E-04	2.31E-04	2.39E-04	3.52E-04	1.99E-04	1.85E-04	2.06E-04	2.26E-04	3.34E-04	1.60E-04	1.72E-04	1.89E-04	1.91E-04	3.48E-04	1.75E-04	1.68E-04	2.13E-04	2.15E-04
68.02317	3.66E-04	3.62E-04	4.07E-04	1.44E-05	9.58E-05	1.32E-04	1.71E-04	1.94E-04	9.40E-06	8.32E-05	1.08E-04	1.67E-04	1.97E-04	1.54E-05	7.67E-05	1.16E-04	1.69E-04	1.80E-04
68.99822	2.87E-03	2.83E-03	3.08E-03	5.93E-04	1.63E-03	2.44E-03	3.28E-03	3.84E-03	6.09E-04	1.87E-03	2.36E-03	3.51E-03	3.69E-03	6.35E-04	1.89E-03	2.46E-03	3.51E-03	3.99E-03
69.03747	4.87E-04	5.34E-04	5.14E-04	5.03E-06	2.16E-04	3.59E-04	6.26E-04	7.62E-04	9.41E-06	2.90E-04	3.44E-04	6.32E-04	7.44E-04	9.53E-06	2.62E-04	3.78E-04	6.50E-04	8.24E-04
70.00294	1.23E-04	1.23E-04	1.27E-04	2.51E-05	1.15E-04	1.35E-04	1.86E-04	2.20E-04	1.96E-05	1.25E-04	1.21E-04	2.06E-04	2.24E-04	2.12E-05	1.12E-04	1.26E-04	2.06E-04	2.30E-04
71.01589	1.47E-03	1.54E-03	1.52E-03	2.65E-05	1.89E-03	2.24E-03	2.50E-03	2.66E-03	2.11E-05	2.40E-03	2.30E-03	2.59E-03	2.61E-03	1.90E-05	2.35E-03	2.44E-03	2.67E-03	2.71E-03
71.99956	1.39E-03	1.19E-03	1.24E-03	5.28E-03	9.60E-04	1.25E-03	1.83E-03	2.09E-03	5.52E-03	8.59E-04	1.17E-03	1.74E-03	1.75E-03	5.24E-03	8.71E-04	1.18E-03	1.76E-03	2.12E-03
72.22072	3.75E-05	3.14E-05	3.08E-05	4.81E-05	1.57E-05	2.55E-05	3.84E-05	4.21E-05	6.81E-05	1.53E-05	1.25E-05	3.33E-05	3.11E-05	5.34E-05	1.37E-05	1.95E-05	3.82E-05	3.70E-05
73.00898	8.31E-03	8.04E-03	8.28E-03	6.64E-03	3.10E-03	4.79E-03	7.42E-03	8.67E-03	6.79E-03	3.24E-03	4.29E-03	7.18E-03	7.56E-03	6.68E-03	3.31E-03	4.59E-03	7.25E-03	8.90E-03
73.22988	1.31E-04	1.17E-04	1.32E-04	6.89E-05	3.52E-05	4.87E-05	1.01E-04	1.19E-04	7.36E-05	3.21E-05	4.68E-05	1.02E-04	1.07E-04	7.17E-05	2.93E-05	4.99E-05	9.67E-05	1.12E-04
73.98269	1.80E-04	1.78E-04	2.04E-04	1.21E-04	6.14E-05	5.17E-05	5.48E-05	6.19E-05	8.06E-05	7.12E-05	1.00E-04	6.43E-05	7.07E-05	7.69E-05	6.14E-05	5.64E-05	7.30E-05	6.63E-05
74.01325	9.21E-04	8.98E-04	9.26E-04	1.07E-03	4.58E-04	6.38E-04	9.36E-04	1.12E-03	9.86E-04	4.30E-04	5.35E-04	8.90E-04	9.79E-04	9.87E-04	4.28E-04	5.94E-04	9.09E-04	1.08E-03
74.99015	2.81E-03	2.92E-03	3.08E-03	1.68E-04	7.17E-04	7.20E-04	7.59E-04	7.80E-04	1.57E-04	8.24E-04	7.74E-04	7.48E-04	6.86E-04	1.43E-04	8.87E-04	7.93E-04	7.89E-04	7.84E-04
75.0252	1.62E-03	1.69E-03	1.69E-03	3.19E-04	5.21E-04	7.80E-04	1.15E-03	1.32E-03	2.55E-04	6.01E-04	6.57E-04	1.15E-03	1.22E-03	3.01E-04	5.87E-04	7.71E-04	1.19E-03	1.36E-03
75.95863	8.60E-05	8.11E-05	8.88E-05	1.69E-02	1.38E-04	4.87E-05	3.32E-05	2.70E-05	1.78E-02	8.50E-05	1.91E-04	4.16E-05	3.60E-05	1.80E-02	8.49E-05	6.29E-05	2.77E-05	3.52E-05
75.97238	1.96E-04	1.74E-04	1.84E-04	1.18E-02	9.04E-04	4.67E-04	3.54E-04	2.91E-04	1.20E-02	5.72E-04	4.10E-04	3.35E-04	3.07E-04	1.16E-02	5.92E-04	5.09E-04	4.03E-04	3.19E-04
75.99232	2.93E-04	3.03E-04	3.14E-04	1.33E-03	2.69E-04	2.31E-04	2.73E-04	2.75E-04	1.46E-03	2.54E-04	1.98E-04	2.81E-04	2.62E-04	1.34E-03	2.60E-04	2.69E-04	2.80E-04	2.93E-04
76.03228	3.96E-04	4.33E-04	4.08E-04	5.80E-05	9.54E-05	1.27E-04	1.69E-04	2.11E-04	5.56E-05	1.06E-04	1.06E-04	1.67E-04	1.80E-04	5.05E-05	1.09E-04	1.15E-04	1.72E-04	2.00E-04
76.98108	3.82E-03	3.95E-03	4.02E-03	3.51E-02	4.60E-03	4.23E-03	4.15E-03	4.11E-03	3.34E-02	4.75E-03	4.71E-03	4.29E-03	3.86E-03	3.48E-02	4.60E-03	4.67E-03	4.44E-03	4.16E-03
77.04308	6.81E-03	7.50E-03	6.93E-03	4.66E-05	2.81E-04	3.11E-04	3.81E-04	4.33E-04	3.92E-05	3.96E-04	3.03E-04	3.77E-04	3.87E-04	4.46E-05	3.65E-04	3.30E-04	3.90E-04	4.29E-04
77.96984	3.84E-05	4.08E-05	4.49E-05	2.30E-03	8.89E-05	5.50E-05	3.93E-05	3.47E-05	2.21E-03	8.29E-05	4.76E-05	4.13E-05	4.57E-05	2.24E-03	7.40E-05	5.83E-05	4.93E-05	3.56E-05
78.01114	2.78E-04	2.88E-04	2.85E-04	5.79E-05	1.03E-04	1.60E-04	2.34E-04	2.45E-04	6.86E-05	1.22E-04	1.48E-04	2.24E-04	2.60E-04	6.35E-05	1.20E-04	1.48E-04	2.22E-04	2.77E-04
78.04641	4.60E-04	5.10E-04	4.77E-04	7.93E-06	2.92E-05	4.29E-05	5.00E-05	6.55E-05	6.31E-06	5.07E-05	3.37E-05	5.79E-05	5.27E-05	2.94E-06	4.93E-05	4.45E-05	5.92E-05	5.96E-05
78.99799	2.53E-04	2.79E-04	2.82E-04	2.29E-04	2.55E-04	2.74E-04	3.38E-04	3.27E-04	2.69E-04	3.13E-04	3.27E-04	3.49E-04	3.24E-04	2.27E-04	2.93E-04	3.45E-04	3.61E-04	3.46E-04
79.02052	5.22E-04	5.45E-04	5.32E-04	3.34E-05	2.28E-04	3.93E-04	6.19E-04	7.19E-04	2.85E-05	2.87E-04	3.25E-04	6.17E-04	6.86E-04	3.55E-05	2.75E-04	3.63E-04	6.25E-04	7.42E-04
79.98904	9.00E-05	9.00E-05	9.09E-05	5.67E-05	2.53E-04	8.22E-05	1.04E-04	1.07E-04	4.46E-05	9.92E-05	8.29E-05	1.13E-04	1.26E-04	3.74E-05	1.05E-04	9.38E-05	1.30E-04	1.20E-04
80.99596	8.65E-05	8.32E-05	8.84E-05	7.03E-05	1.67E-04	1.04E-04	1.30E-04	1.25E-04	5.72E-05	1.13E-04	1.08E-04	1.32E-04	1.43E-04	5.64E-05	1.14E-04	1.17E-04	1.32E-04	1.37E-04
81.03805	1.57E-04	1.71E-04	1.74E-04	2.87E-06	1.01E-04	1.71E-04	2.94E-04	3.61E-04	5.48E-06	1.16E-04	1.67E-04	3.06E-04	3.91E-04	2.93E-06	1.25E-04	1.69E-04	2.94E-04	3.93E-04
82.00848	7.04E-04	7.78E-04	7.55E-04	1.29E-05	1.05E-04	1.62E-04	2.38E-04	2.63E-04	1.88E-05	1.38E-04	1.54E-04	2.41E-04	2.87E-04	1.17E-05	1.31E-04	1.63E-04	2.56E-04	2.86E-04
82.97106	9.89E-04	8.52E-04	9.09E-04	5.38E-05	1.11E-03	1.14E-03	1.23E-03	1.27E-03	5.24E-05	9.75E-04	1.01E-03	1.21E-03	1.07E-03	5.42E-05	1.02E-03	1.06E-03	1.21E-03	1.28E-03
83.01615	5.43E-04	6.28E-04	5.73E-04	7.17E-06	1.54E-04	2.41E-04	3.56E-04	4.31E-04	8.61E-06	1.93E-04	2.38E-04	3.72E-04	4.41E-04	9.52E-06	1.96E-04	2.39E-04	3.70E-04	4.62E-04
83.97534	1.41E-04	1.33E-04	1.48E-04	1.97E-04	1.06E-04	1.14E-04	1.28E-04	1.41E-04	2.01E-04	1.00E-04	1.64E-04	1.31E-04	1.44E-04	1.95E-04	1.01E-04	1.13E-04	1.39E-04	1.53E-04
83.99918	6.16E-04	5.44E-04	5.67E-04	1.90E-03	3.49E-04	4.95E-04	7.89E-04	8.97E-04	1.93E-03	3.09E-04	4.15E-04	7.46E-04	7.72E-04	1.90E-03	3.02E-04	4.74E-04	7.65E-04	9.51E-04
84.23679	1.71E-05	1.52E-05	1.63E-05	2.08E-05	4.35E-06	1.14E-05	1.80E-05	1.72E-05	2.43E-05	6.34E-06	5.20E-06	1.56E-05	1.51E-05	1.90E-05	3.52E-06	8.68E-06	1.26E-05	1.88E-05
84.98631	1.43E-03	1.42E-03	1.51E-03	5.38E-04	5.79E-04	7.25E-04	9.12E-04	1.00E-03	5.30E-04	5.71E-04	8.51E-04	9.36E-04	8.93E-04	5.47E-04	6.08E-04	6.82E-04	9.02E-04	1.04E-03
85.00702	9.95E-04	9.53E-04	9.96E-04	1.06E-03	4.34E-04	6.78E-04	1.07E-03	1.27E-03	1.07E-03	4.62E-04	5.43E-04	1.05E-03	1.09E-03	1.04E-03	4.46E-04	6.78E-04	1.03E-03	1.26E-03
85.03424	2.86E-04	3.31E-04	2.91E-04	8.07E-05	1.30E-04	1.95E-04	2.90E-04	3.31E-04	9.98E-05	1.93E-04	1.42E-04	2.79E-04	3.31E-04	8.90E-05	2.04E-04	2.06E-04	3.11E-04	3.40E-04
85.95329	8.72E-05	8.01E-05	8.20E-05	7.53E-05	1.73E-04	1.45E-04	1.33E-04	1.42E-04	6.18E-05	1.39E-04	1.29E-04	1.22E-04	1.18E-04	5.05E-05	1.42E-04	1.35E-04	1.32E-04	1.21E-04
86.01618	1.28E-03	1.28E-03	1.31E-03	7.52E-04	4.57E-04	7.49E-04	1.22E-03	1.51E-03	6.83E-04	4.64E-04	6.30E-04	1.23E-03	1.31E-03	7.23E-04	4.36E-04	7.14E-04	1.22E-03	1.51E-03
86.25662	1.63E-05	1.62E-05	1.30E-05	7.89E-06	3.05E-06	8.86E-06	1.40E-05	1.66E-05	3.13E-06	5.22E-06	6.24E-06	9.14E-06	1.10E-05	6.59E-06	3.91E-06	3.62E-06	1.14E-05	1.34E-05
86.94451	1.15E-04	9.14E-05	1.06E-04	2.94E-05	4.83E-05	3.58E-05	4.08E-05	4.04E-05	3.44E-05	4.25E-05	1.17E-04	5.28E-05	4.36E-05	2.20E-05	4.46E-05	4.74E-05	5.45E-05	4.36E-05
86.96012	3.22E-04	3.04E-04	3.17E-04	6.53E-05	2.82E-04	3.17E-04	3.40E-04	3.46E-04	5.25E-05	3.07E-04	2.53E-04	3.37E-04	3.06E-04	5.71E-05	2.99E-04	3.26E-04	3.23E-04	3.20E-04
87.02498	7.69E-04	7.93E-04	7.98E-04	2.06E-04	3.14E-04	5.04E-04	7.65E-04	8.99E-04	1.77E-04	3.53E-04	4.28E-04	7.36E-04	8.25E-04	1.98E-04	3.62E-04	5.06E-04	7.52E-04	8.83E-04
87.99223	9.01E-05	8.73E-05	8.91E-05	7.39E-05	5.48E-05	6.53E-05	8.53E-05	1.04E-04	6.58E-05	4.10E-05	6.35E-05	8.64E-05	9.90E-05	6.52E-05	4.22E-05	5.93E-05	9.45E-05	1.06E-04
88.03177	2.53E-04	2.75E-04	2.76E-04	6.31E-05	1.09E-04	1.57E-04	2.62E-04	3.05E-04	4.85E-05	1.25E-04	1.36E-04	2.47E-04	2.82E-04	6.00E-05	1.21E-04	1.65E-04	2.41E-04	3.08E-04
89.00375	1.46E-03	1.47E-03	1.52E-03	2.83E-04	4.26E-04	7.31E-04	1.12E-03	1.32E-03	2.67E-04	4.87E-04	6.55E-04	1.11E-03	1.25E-03	2.74E-04	4.62E-04	6.82E-04	1.12E-03	1.34E-03
89.04447	1.07E-03	1.26E-03	1.20E-03	3.37E-05	1.96E-04	2.87E-04	4.09E-04	4.94E-04	3.06E-05	2.41E-04	2.31E-04	4.20E-04	4.50E-04	3.74E-05	2.56E-04	2.90E-04	4.39E-04	5.12E-04
90.00944	2.28E-04	2.24E-04	2.44E-04	4.38E-05	9.23E-05	1.18E-04	1.95E-04	2.35E-04	4.54E-05	1.09E-04	1.13E-04	2.02E-04	2.18E-04	4.98E-05	9.51E-05	1.25E-04	1.90E-04	2.37E-04
90.04729	1.45E-04	1.65E-04	1.68E-04	3.59E-06	3.35E-05	3.25E-05	5.58E-05	7.12E-05	5.48E-06	4.18E-05	3.16E-05	5.82E-05	6.11E-05	6.59E-06	5.09E-05	4.78E-05	5.49E-05	7.36E-05
90.97574	3.02E-04	2.76E-04	2.92E-04	1.58E-05	1.42E-04	1.92E-04	2.62E-04	2.79E-04	9.39E-06	1.30E-04	1.89E-04	2.35E-04	2.18E-04	1.90E-05	1.58E-04	1.70E-04	2.37E-04	2.72E-04
91.02136	1.27E-03	1.41E-03	1.43E-03	4.73E-05	2.79E-04	4.95E-04	7.38E-04	8.39E-04	3.44E-05	3.92E-04	4.46E-04	7.19E-04	8.21E-04	3.51E-05	3.67E-04	4.93E-04	7.20E-04	8.49E-04
92.02654	2.47E-04	2.61E-04	2.74E-04	7.17E-06	1.55E-04	1.52E-04	1.93E-04	2.31E-04	8.61E-06	2.07E-04	1.58E-04	2.02E-04	2.13E-04	8.05E-06	2.27E-04	1.92E-04	2.10E-04	2.31E-04
92.9962	7.79E-04	7.81E-04	8.00E-04	7.46E-05	2.52E-04	3.51E-04	5.19E-04	6.06E-04	6.18E-05	2.36E-04	3.56E-04	5.19E-04	5.79E-04	7.10E-05	2.82E-04	3.55E-04	5.20E-04	6.03E-04
93.03665	1.17E-03	1.25E-03	1.21E-03	1.58E-05	3.32E-04	4.85E-04	6.56E-04	7.54E-04	1.41E-05	5.18E-04	4.10E-04	7.26E-04	7.88E-04	9.52E-06	5.37E-04	5.24E-04	7.07E-04	8.43E-04
93.98332	3.43E-05	3.52E-05	3.61E-05	7.17E-06	1.08E-04	6.02E-05	5.64E-05	4.99E-05	1.17E-05	7.24E-05	5.45E-05	6.52E-05	6.08E-05	1.10E-05	7.87E-05	7.53E-05	6.56E-05	6.03E-05
94.03991	7.58E-05	8.58E-05	8.30E-05	2.15E-06	3.01E-05	4.25E-05	4.97E-05	5.80E-05	3.13E-06	4.63E-05	2.95E-05	5.05E-05	6.23E-05	4.39E-06	4.27E-05	3.15E-05	5.39E-05	6.31E-05
94.94636	5.42E-05	5.15E-05	4.63E-05	1.36E-05	6.59E-04	7.18E-04	4.80E-04	3.69E-04	1.25E-05	7.55E-04	6.89E-04	5.00E-04	6.82E-04	1.76E-05	6.40E-04	6.17E-04	4.03E-04	2.96E-04
94.96402	4.25E-05	4.21E-05	4.21E-05	1.15E-05	1.02E-04	1.75E-04	1.34E-04	1.06E-04	1.17E-05	1.90E-04	1.58E-04	1.36E-04	1.43E-04	1.02E-05	2.01E-04	1.69E-04	1.21E-04	8.86E-05
94.99204	3.59E-04	4.10E-04	4.13E-04	3.59E-05	3.24E-04	4.27E-04	3.84E-04	3.86E-04	3.13E-05	4.12E-04	5.05E-04	4.41E-04	4.55E-04	3.37E-05	4.18E-04	4.32E-04	4.57E-04	4.36E-04
95.01622	5.11E-04	5.57E-04	5.48E-04	7.89E-06	1.74E-04	3.36E-04	4.66E-04	5.65E-04	6.26E-06	2.41E-04	2.59E-04	4.89E-04	5.80E-04	8.05E-06	2.63E-04	3.36E-04	5.25E-04	6.04E-04
95.96528	5.39E-05	4.41E-05	4.93E-05	1.69E-04	9.59E-04	1.28E-04	1.42E-04	1.48E-04	1.43E-04	1.63E-04	1.57E-04	1.67E-04	2.24E-04	1.44E-04	1.52E-04	1.52E-04	1.71E-04	1.86E-04
95.99918	4.02E-04	3.52E-04	3.83E-04	2.04E-03	2.48E-04	3.69E-04	6.05E-04	7.16E-04	2.06E-03	2.16E-04	3.12E-04	6.05E-04	6.27E-04	2.03E-03	2.08E-04	3.36E-04	5.76E-04	7.44E-04
97.00798	2.24E-03	2.10E-03	2.21E-03	2.83E-03	8.59E-04	1.39E-03	2.31E-03	2.82E-03	2.86E-03	8.32E-04	1.23E-03	2.27E-03	2.49E-03	2.79E-03	8.14E-04	1.28E-03	2.27E-03	2.91E-03
97.26423	3.92E-05	3.92E-05	4.31E-05	3.23E-05	7.83E-06	2.47E-05	3.71E-05	4.67E-05	3.99E-05	1.23E-05	1.11E-05	3.57E-05	3.78E-05	4.54E-05	1.02E-05	1.81E-05	2.80E-05	4.75E-05
98.00991	3.56E-04	3.60E-04	3.81E-04	4.87E-04	1.54E-04	2.39E-04	3.85E-04	4.66E-04	4.97E-04	1.54E-04	2.16E-04	3.70E-04	4.02E-04	4.91E-04	1.43E-04	2.26E-04	3.74E-04	4.76E-04
98.97742	9.49E-05	8.09E-05	8.97E-05	2.30E-05	1.32E-04	8.93E-05	9.87E-05	1.07E-04	1.57E-05	8.35E-05	9.30E-05	9.70E-05	1.31E-04	2.27E-05	8.33E-05	9.88E-05	1.10E-04	1.06E-04
99.02394	5.08E-04	5.32E-04	5.27E-04	1.57E-04	1.94E-04	3.15E-04	4.96E-04	6.12E-04	1.40E-04	2.26E-04	2.49E-04	5.00E-04	5.39E-04	1.75E-04	2.53E-04	3.56E-04	5.26E-04	6.24E-04
100.0291	1.01E-04	1.03E-04	1.06E-04	4.16E-05	4.27E-05	6.76E-05	1.15E-04	1.33E-04	3.13E-05	4.55E-05	5.45E-05	9.62E-05	1.21E-04	3.15E-05	4.69E-05	6.80E-05	1.09E-04	1.31E-04
100.94852	1.05E-04	1.12E-04	1.19E-04	3.80E-05	5.57E-05	4.13E-05	4.57E-05	4.67E-05	1.88E-05	4.66E-05	6.52E-05	5.34E-05	7.58E-05	3.37E-05	2.86E-05	3.69E-05	4.71E-05	5.62E-05
100.98086	5.78E-04	5.94E-04	6.07E-04	4.38E-04	3.86E-04	4.91E-04	5.94E-04	6.51E-04	3.81E-04	3.88E-04	4.12E-04	5.92E-04	5.99E-04	3.84E-04	3.95E-04	4.56E-04	6.09E-04	6.73E-04
101.04343	3.65E-04	4.02E-04	3.82E-04	2.23E-05	1.02E-04	1.39E-04	2.23E-04	2.56E-04	1.41E-05	1.24E-04	1.28E-04	2.16E-04	2.47E-04	1.76E-05	1.36E-04	1.53E-04	2.27E-04	2.49E-04
101.94708	1.73E-04	1.40E-04	1.53E-04	9.04E-05	6.52E-04	4.50E-04	3.84E-04	3.12E-04	7.83E-05	4.75E-04	3.96E-04	3.50E-04	3.13E-04	6.88E-05	4.93E-04	4.57E-04	3.75E-04	3.30E-04
102.01085	7.88E-05	8.53E-05	8.31E-05	1.22E-05	3.62E-05	5.29E-05	8.03E-05	8.57E-05	1.10E-05	3.06E-05	4.31E-05	7.18E-05	9.01E-05	1.76E-05	3.29E-05	5.08E-05	8.34E-05	1.05E-04
102.95305	2.74E-03	2.61E-03	2.73E-03	5.33E-04	2.24E-03	2.32E-03	2.43E-03	2.45E-03	5.60E-04	2.30E-03	2.36E-03	2.44E-03	2.13E-03	5.88E-04	2.35E-03	2.43E-03	2.49E-03	2.50E-03
102.99678	2.25E-04	2.52E-04	2.48E-04	1.72E-05	1.46E-04	2.06E-04	2.57E-04	2.81E-04	1.41E-05	1.83E-04	1.62E-04	2.61E-04	2.58E-04	2.27E-05	1.77E-04	2.18E-04	2.72E-04	2.82E-04
103.06039	5.20E-05	5.61E-05	5.51E-05	3.59E-06	1.92E-05	3.44E-05	5.42E-05	6.55E-05	1.57E-06	2.65E-05	2.54E-05	5.43E-05	5.65E-05	3.66E-06	2.71E-05	3.23E-05	5.26E-05	7.00E-05
103.21649	3.55E-05	3.55E-05	3.38E-05	9.32E-06	2.09E-05	2.36E-05	2.95E-05	2.81E-05	1.10E-05	1.90E-05	1.80E-05	2.27E-05	2.17E-05	1.10E-05	2.23E-05	1.84E-05	2.49E-05	2.03E-05
103.94103	5.84E-05	5.39E-05	6.43E-05	1.29E-04	2.79E-05	2.18E-05	2.10E-05	2.41E-05	1.07E-04	2.94E-05	3.23E-05	3.12E-05	3.57E-05	8.78E-05	2.54E-05	3.22E-05	2.77E-05	2.42E-05
104.0295	7.62E-05	8.00E-05	8.56E-05	5.74E-06	2.52E-05	4.91E-05	7.25E-05	8.18E-05	1.57E-06	3.06E-05	3.43E-05	8.50E-05	9.58E-05	2.20E-06	3.17E-05	4.67E-05	7.76E-05	9.77E-05
104.94567	1.43E-04	1.33E-04	1.56E-04	1.94E-04	1.35E-04	1.33E-04	1.22E-04	1.18E-04	1.53E-04	1.48E-04	1.72E-04	1.29E-04	1.53E-04	1.81E-04	1.20E-04	1.19E-04	1.26E-04	1.07E-04
104.9722	2.74E-04	2.81E-04	2.86E-04	4.23E-05	2.25E-04	2.78E-04	3.28E-04	3.60E-04	4.93E-05	2.44E-04	2.38E-04	3.40E-04	3.46E-04	4.03E-05	2.39E-04	2.81E-04	3.22E-04	3.37E-04
105.03724	1.54E-04	1.79E-04	1.70E-04	3.59E-06	4.84E-05	9.95E-05	1.41E-04	1.83E-04	3.13E-06	6.61E-05	8.55E-05	1.39E-04	1.79E-04	3.66E-06	6.66E-05	9.86E-05	1.56E-04	1.82E-04
106.00455	6.63E-05	7.81E-05	7.78E-05	3.59E-06	3.92E-05	5.17E-05	8.07E-05	8.92E-05	1.57E-06	4.66E-05	5.31E-05	8.82E-05	8.91E-05	2.20E-06	4.54E-05	5.90E-05	8.44E-05	8.63E-05
106.04414	4.55E-05	5.00E-05	4.54E-05	1.43E-06	2.09E-05	3.36E-05	6.09E-05	8.01E-05	7.83E-07	3.39E-05	1.94E-05	6.37E-05	8.17E-05	7.32E-07	2.78E-05	3.33E-05	6.96E-05	9.12E-05
106.96884	1.21E-04	1.21E-04	1.25E-04	1.22E-05	1.03E-04	9.34E-05	1.32E-04	1.41E-04	1.17E-05	8.02E-05	9.58E-05	1.17E-04	1.34E-04	1.24E-05	9.19E-05	1.00E-04	1.29E-04	1.36E-04
107.05349	8.18E-05	8.37E-05	8.07E-05	1.43E-06	3.48E-05	6.61E-05	1.28E-04	1.59E-04	7.83E-07	4.77E-05	4.62E-05	1.27E-04	1.59E-04	2.20E-06	4.03E-05	7.21E-05	1.34E-04	1.69E-04
107.99666	1.68E-04	1.62E-04	1.79E-04	6.20E-04	8.18E-05	1.27E-04	2.21E-04	2.85E-04	7.17E-04	7.98E-05	1.15E-04	2.24E-04	2.43E-04	5.97E-04	8.37E-05	1.18E-04	2.04E-04	2.86E-04
108.0222	1.03E-04	1.13E-04	1.06E-04	9.85E-05	5.83E-05	8.53E-05	1.37E-04	1.64E-04	1.15E-04	7.65E-05	7.88E-05	1.54E-04	1.69E-04	9.17E-05	7.67E-05	8.94E-05	1.55E-04	1.77E-04
108.98303	3.20E-04	3.03E-04	3.21E-04	1.43E-04	1.29E-04	1.39E-04	2.09E-04	2.43E-04	1.22E-04	9.54E-05	1.72E-04	2.16E-04	2.36E-04	1.41E-04	1.04E-04	1.40E-04	2.07E-04	2.61E-04
109.00529	4.12E-04	4.07E-04	4.12E-04	5.82E-04	1.39E-04	2.84E-04	4.63E-04	5.64E-04	5.72E-04	1.40E-04	2.01E-04	4.43E-04	5.21E-04	5.98E-04	1.45E-04	2.36E-04	4.54E-04	5.68E-04
109.94921	4.76E-05	4.05E-05	5.01E-05	1.08E-05	4.13E-05	4.35E-05	4.84E-05	5.25E-05	4.70E-06	3.76E-05	4.44E-05	4.72E-05	4.62E-05	2.93E-06	3.36E-05	4.12E-05	4.99E-05	5.65E-05
110.01361	3.98E-04	3.97E-04	4.21E-04	3.83E-04	1.20E-04	2.30E-04	4.06E-04	5.17E-04	3.75E-04	1.10E-04	1.78E-04	4.11E-04	4.54E-04	3.58E-04	1.15E-04	2.07E-04	3.91E-04	5.03E-04
110.95719	5.09E-04	4.81E-04	4.81E-04	3.37E-05	1.79E-04	2.25E-04	2.91E-04	3.32E-04	3.05E-05	1.78E-04	2.09E-04	2.75E-04	2.95E-04	3.07E-05	1.93E-04	2.08E-04	2.76E-04	3.13E-04
111.02253	2.98E-04	3.13E-04	3.17E-04	1.38E-04	8.63E-05	1.69E-04	3.14E-04	3.66E-04	9.79E-05	1.02E-04	1.24E-04	2.71E-04	3.39E-04	1.07E-04	1.12E-04	1.68E-04	3.07E-04	3.76E-04
112.02804	1.19E-04	1.27E-04	1.21E-04	5.60E-05	4.92E-05	7.16E-05	1.24E-04	1.60E-04	4.62E-05	4.10E-05	6.35E-05	1.18E-04	1.46E-04	5.12E-05	4.81E-05	7.13E-05	1.24E-04	1.60E-04
112.97569	1.60E-04	1.52E-04	1.72E-04	4.38E-05	1.39E-04	2.51E-04	2.20E-04	2.28E-04	2.90E-05	2.33E-04	2.26E-04	2.37E-04	2.72E-04	3.66E-05	2.10E-04	2.50E-04	2.20E-04	2.03E-04
113.00105	2.47E-04	2.55E-04	2.57E-04	4.73E-05	7.72E-05	1.42E-04	2.16E-04	2.39E-04	4.62E-05	9.53E-05	1.31E-04	2.36E-04	2.40E-04	5.56E-05	9.53E-05	1.35E-04	2.14E-04	2.60E-04
113.04123	2.63E-04	2.65E-04	2.68E-04	2.65E-05	8.37E-05	1.42E-04	2.26E-04	2.59E-04	2.74E-05	1.08E-04	1.14E-04	2.13E-04	2.55E-04	2.71E-05	1.02E-04	1.40E-04	2.01E-04	2.75E-04
114.0444	8.63E-05	8.80E-05	9.11E-05	1.08E-05	2.13E-05	3.73E-05	5.27E-05	6.74E-05	1.02E-05	2.27E-05	3.02E-05	4.84E-05	6.20E-05	8.05E-06	2.43E-05	3.40E-05	5.14E-05	7.08E-05
115.01597	2.44E-04	2.57E-04	2.51E-04	1.29E-05	6.40E-05	1.10E-04	1.76E-04	2.28E-04	1.25E-05	7.61E-05	1.19E-04	1.78E-04	2.09E-04	1.46E-05	7.05E-05	1.07E-04	1.78E-04	2.12E-04
115.0538	1.16E-04	1.26E-04	1.21E-04	2.87E-06	3.09E-05	5.47E-05	8.85E-05	1.07E-04	1.57E-06	3.77E-05	4.41E-05	8.18E-05	1.07E-04	5.86E-06	3.64E-05	5.32E-05	8.11E-05	1.02E-04
116.9924	2.13E-04	2.30E-04	2.25E-04	9.76E-05	9.32E-05	1.27E-04	1.71E-04	1.85E-04	1.14E-04	1.05E-04	1.38E-04	1.79E-04	1.81E-04	1.27E-04	1.12E-04	1.23E-04	1.75E-04	1.88E-04
117.03452	3.61E-04	4.00E-04	4.01E-04	1.51E-05	1.20E-04	1.99E-04	2.85E-04	3.58E-04	1.33E-05	1.53E-04	1.63E-04	3.01E-04	3.34E-04	1.54E-05	1.42E-04	2.08E-04	3.15E-04	3.79E-04
117.94344	1.22E-04	1.16E-04	1.26E-04	1.29E-04	3.52E-04	1.95E-04	1.49E-04	1.30E-04	7.83E-05	2.11E-04	2.39E-04	1.73E-04	1.57E-04	8.71E-05	2.25E-04	2.01E-04	1.71E-04	1.43E-04
118.0403	5.12E-05	5.94E-05	6.31E-05	7.89E-06	4.36E-05	3.88E-05	5.24E-05	5.94E-05	4.70E-06	4.48E-05	3.19E-05	5.28E-05	6.62E-05	3.66E-06	5.09E-05	4.49E-05	5.15E-05	6.61E-05
118.94463	6.08E-03	6.12E-03	6.12E-03	1.91E-03	8.00E-03	6.94E-03	6.45E-03	6.27E-03	2.05E-03	7.57E-03	7.01E-03	6.77E-03	5.81E-03	2.03E-03	7.61E-03	7.48E-03	7.01E-03	6.43E-03
118.99552	6.87E-04	7.23E-04	7.90E-04	1.10E-04	4.59E-04	5.51E-04	6.10E-04	6.29E-04	1.39E-04	6.00E-04	4.75E-04	6.19E-04	6.37E-04	1.59E-04	6.41E-04	6.27E-04	6.47E-04	6.39E-04
119.22688	1.05E-04	1.00E-04	9.76E-05	3.16E-05	8.97E-05	8.49E-05	7.61E-05	8.26E-05	3.44E-05	6.71E-05	8.29E-05	8.26E-05	6.81E-05	3.88E-05	8.88E-05	7.49E-05	8.96E-05	7.38E-05
119.93234	1.24E-04	1.16E-04	1.34E-04	1.30E-03	5.96E-05	4.10E-05	3.26E-05	3.73E-05	1.17E-03	5.52E-05	5.86E-05	3.66E-05	5.56E-05	1.29E-03	5.48E-05	4.77E-05	3.66E-05	3.46E-05
120.95903	1.36E-03	1.43E-03	1.46E-03	1.19E-03	9.60E-04	1.11E-03	1.17E-03	1.25E-03	1.02E-03	1.15E-03	1.15E-03	1.24E-03	1.22E-03	1.09E-03	1.15E-03	1.19E-03	1.22E-03	1.25E-03
120.9981	5.50E-04	5.54E-04	5.50E-04	5.96E-04	1.38E-04	2.31E-04	3.82E-04	4.58E-04	6.48E-04	1.65E-04	2.30E-04	4.14E-04	4.55E-04	5.74E-04	1.55E-04	2.10E-04	3.95E-04	5.23E-04
121.03157	4.97E-03	5.81E-03	5.26E-03	4.05E-04	2.49E-04	3.70E-04	5.62E-04	6.72E-04	3.73E-04	3.79E-04	3.36E-04	5.56E-04	6.22E-04	3.66E-04	3.72E-04	3.89E-04	5.77E-04	6.73E-04
122.03449	4.14E-04	4.86E-04	4.32E-04	5.89E-05	3.31E-05	5.69E-05	9.12E-05	1.05E-04	6.11E-05	4.33E-05	4.86E-05	9.39E-05	1.13E-04	6.67E-05	4.46E-05	5.94E-05	7.74E-05	1.02E-04
124.97654	2.64E-04	2.72E-04	2.85E-04	4.73E-05	1.07E-04	1.29E-04	1.82E-04	1.85E-04	3.91E-05	9.58E-05	1.17E-04	1.75E-04	1.97E-04	3.88E-05	9.62E-05	1.11E-04	1.63E-04	2.00E-04
125.03644	1.33E-04	1.49E-04	1.43E-04	1.51E-05	3.83E-05	7.57E-05	1.27E-04	1.42E-04	1.49E-05	5.00E-05	5.83E-05	1.22E-04	1.40E-04	2.20E-05	4.89E-05	7.02E-05	1.18E-04	1.48E-04
125.9413	3.66E-05	3.45E-05	2.98E-05	3.59E-06	4.44E-05	3.99E-05	3.53E-05	3.70E-05	1.57E-06	2.72E-05	3.92E-05	4.24E-05	4.29E-05	2.20E-06	3.48E-05	2.89E-05	3.82E-05	3.94E-05
126.89974	2.06E-04	2.78E-04	2.42E-04	3.23E-04	1.04E-03	9.27E-04	8.77E-04	8.27E-04	3.00E-04	1.10E-03	1.11E-03	9.61E-04	1.03E-03	2.42E-04	1.04E-03	9.40E-04	8.53E-04	8.08E-04
126.94996	1.42E-03	1.40E-03	1.40E-03	9.12E-05	5.57E-04	6.61E-04	8.83E-04	9.28E-04	9.48E-05	5.89E-04	6.32E-04	8.95E-04	8.35E-04	7.25E-05	6.27E-04	6.72E-04	8.79E-04	9.09E-04
126.99626	3.10E-04	3.40E-04	3.39E-04	8.61E-06	9.02E-05	1.55E-04	1.97E-04	2.14E-04	8.62E-06	1.23E-04	1.20E-04	1.99E-04	2.12E-04	5.86E-06	1.12E-04	1.57E-04	2.05E-04	2.35E-04
127.95369	5.54E-05	5.17E-05	5.70E-05	1.08E-05	4.44E-05	3.76E-05	4.45E-05	5.10E-05	7.83E-06	3.43E-05	3.92E-05	5.04E-05	5.69E-05	1.10E-05	3.40E-05	3.58E-05	4.06E-05	4.72E-05
128.92438	1.93E-04	1.87E-04	1.99E-04	1.22E-05	1.43E-04	1.55E-04	1.92E-04	1.99E-04	1.80E-05	1.43E-04	1.54E-04	1.83E-04	2.50E-04	1.46E-05	1.51E-04	1.44E-04	1.82E-04	1.93E-04
128.96769	5.09E-04	5.10E-04	5.18E-04	2.80E-05	2.01E-04	2.77E-04	3.63E-04	4.25E-04	2.66E-05	2.13E-04	2.61E-04	3.62E-04	3.75E-04	2.71E-05	2.06E-04	2.66E-04	3.47E-04	4.06E-04
130.99261	2.01E-04	2.11E-04	2.15E-04	2.30E-05	1.99E-04	2.91E-04	3.35E-04	3.90E-04	2.43E-05	2.47E-04	2.68E-04	3.79E-04	3.92E-04	2.20E-05	2.15E-04	2.79E-04	3.64E-04	4.32E-04
131.99653	7.42E-05	7.05E-05	7.69E-05	1.78E-04	5.22E-05	9.01E-05	1.13E-04	1.34E-04	1.72E-04	6.67E-05	7.56E-05	1.17E-04	1.46E-04	1.82E-04	5.83E-05	7.24E-05	1.09E-04	1.31E-04
132.97692	2.76E-04	2.86E-04	2.94E-04	5.02E-05	9.14E-05	1.05E-04	1.25E-04	1.41E-04	5.01E-05	8.99E-05	1.40E-04	1.47E-04	1.69E-04	5.12E-05	8.30E-05	1.05E-04	1.31E-04	1.41E-04
133.97451	1.55E-04	1.70E-04	1.65E-04	1.72E-05	2.76E-04	3.69E-04	4.26E-04	4.41E-04	1.96E-05	3.35E-04	4.00E-04	4.65E-04	4.63E-04	1.76E-05	2.81E-04	3.82E-04	4.24E-04	4.68E-04
134.01248	1.59E-04	1.67E-04	1.72E-04	1.71E-04	7.45E-05	1.31E-04	2.13E-04	2.56E-04	1.35E-04	9.94E-05	1.20E-04	2.09E-04	2.25E-04	1.75E-04	1.01E-04	1.33E-04	2.26E-04	2.52E-04
134.95544	4.43E-04	4.28E-04	4.62E-04	2.73E-05	2.43E-04	1.47E-04	1.66E-04	1.84E-04	2.27E-05	1.69E-04	2.05E-04	1.83E-04	2.13E-04	2.27E-05	1.66E-04	1.64E-04	1.60E-04	1.96E-04
134.99361	6.90E-04	6.41E-04	8.26E-04	2.17E-04	3.16E-04	3.70E-04	4.16E-04	4.43E-04	2.31E-04	4.11E-04	3.31E-04	4.36E-04	4.41E-04	2.89E-04	4.06E-04	3.89E-04	4.29E-04	4.54E-04
135.95377	9.95E-05	1.03E-04	1.12E-04	1.86E-03	2.29E-04	1.37E-04	1.30E-04	1.23E-04	1.88E-03	1.62E-04	1.69E-04	1.46E-04	1.63E-04	1.86E-03	1.55E-04	1.54E-04	1.38E-04	1.28E-04
136.95958	3.18E-03	3.55E-03	3.41E-03	6.76E-03	2.37E-03	2.59E-03	2.70E-03	2.74E-03	6.18E-03	2.85E-03	2.71E-03	2.96E-03	2.89E-03	6.57E-03	2.88E-03	2.89E-03	2.98E-03	2.82E-03
138.95537	1.47E-04	1.43E-04	1.60E-04	1.14E-03	8.24E-04	4.66E-04	4.30E-04	3.88E-04	1.01E-03	4.66E-04	4.11E-04	4.37E-04	5.86E-04	1.04E-03	4.60E-04	4.45E-04	4.20E-04	3.51E-04
141.0371	7.68E-05	8.56E-05	8.43E-05	6.46E-06	2.31E-05	5.06E-05	8.39E-05	1.05E-04	4.70E-06	2.46E-05	3.82E-05	7.71E-05	8.90E-05	6.59E-06	3.13E-05	4.27E-05	8.36E-05	1.03E-04
142.94783	7.63E-04	7.37E-04	7.57E-04	4.81E-05	4.29E-04	5.31E-04	6.36E-04	6.53E-04	4.07E-05	4.40E-04	4.66E-04	6.19E-04	6.41E-04	4.03E-05	4.33E-04	5.01E-04	6.05E-04	6.42E-04
143.99457	5.00E-05	4.26E-05	5.10E-05	1.38E-04	2.57E-05	4.24E-05	6.58E-05	6.74E-05	1.57E-04	3.21E-05	2.98E-05	5.57E-05	7.25E-05	1.24E-04	3.44E-05	3.94E-05	5.21E-05	7.02E-05
144.92054	5.93E-04	5.66E-04	5.81E-04	3.87E-05	6.40E-04	6.08E-04	5.94E-04	5.78E-04	2.58E-05	5.73E-04	5.35E-04	5.72E-04	5.40E-04	3.29E-05	5.77E-04	5.96E-04	5.85E-04	5.93E-04
144.96542	9.55E-04	1.01E-03	9.91E-04	1.00E-04	2.74E-04	3.64E-04	4.95E-04	5.12E-04	8.53E-05	3.33E-04	3.54E-04	4.80E-04	5.11E-04	8.57E-05	3.45E-04	3.74E-04	4.93E-04	5.34E-04
145.01279	4.62E-04	5.04E-04	4.83E-04	3.80E-04	1.39E-04	2.42E-04	3.93E-04	4.74E-04	4.04E-04	1.92E-04	2.06E-04	3.84E-04	4.69E-04	3.88E-04	1.98E-04	2.38E-04	4.12E-04	4.94E-04
146.93055	3.72E-04	3.61E-04	3.90E-04	4.23E-05	2.02E-04	2.16E-04	2.63E-04	2.98E-04	5.17E-05	2.04E-04	2.89E-04	2.64E-04	3.56E-04	4.90E-05	2.00E-04	2.09E-04	2.42E-04	2.84E-04
146.9879	2.63E-04	2.47E-04	3.29E-04	1.83E-04	3.34E-04	4.29E-04	4.54E-04	4.82E-04	2.32E-04	4.15E-04	3.78E-04	4.65E-04	4.81E-04	2.42E-04	3.86E-04	4.18E-04	4.72E-04	4.79E-04
149.01131	5.73E-04	6.99E-04	6.78E-04	2.58E-05	3.06E-04	4.68E-04	5.57E-04	6.62E-04	2.19E-05	4.23E-04	4.38E-04	6.36E-04	7.30E-04	2.20E-05	3.83E-04	5.37E-04	6.25E-04	6.36E-04
150.95287	2.53E-04	2.55E-04	2.64E-04	5.02E-06	7.88E-05	9.38E-05	1.38E-04	1.64E-04	7.05E-06	8.02E-05	1.01E-04	1.39E-04	1.58E-04	5.12E-06	7.35E-05	9.95E-05	1.30E-04	1.42E-04
152.92544	1.61E-04	1.53E-04	1.58E-04	8.61E-06	9.05E-05	8.67E-05	1.04E-04	1.14E-04	9.39E-06	6.97E-05	1.02E-04	1.05E-04	1.61E-04	7.32E-06	6.49E-05	7.05E-05	9.70E-05	1.05E-04
152.96999	2.78E-04	2.94E-04	2.97E-04	8.61E-06	7.01E-05	1.16E-04	1.44E-04	1.49E-04	9.39E-06	8.99E-05	1.01E-04	1.36E-04	1.69E-04	7.32E-06	9.94E-05	1.05E-04	1.35E-04	1.52E-04
154.98477	1.18E-04	1.41E-04	1.23E-04	2.15E-06	8.86E-05	1.29E-04	1.35E-04	1.55E-04	3.91E-06	1.27E-04	1.07E-04	1.51E-04	1.70E-04	5.86E-06	1.19E-04	1.14E-04	1.54E-04	1.50E-04
157.97611	1.29E-04	1.45E-04	1.35E-04	1.00E-05	5.27E-05	5.76E-05	8.25E-05	1.03E-04	1.33E-05	5.89E-05	5.97E-05	8.96E-05	1.05E-04	1.46E-05	5.16E-05	6.44E-05	9.79E-05	1.04E-04
160.91706	2.79E-04	2.54E-04	2.71E-04	2.73E-05	7.03E-04	4.85E-04	4.18E-04	3.78E-04	2.27E-05	5.65E-04	5.30E-04	4.31E-04	4.42E-04	2.93E-05	5.50E-04	5.29E-04	4.43E-04	3.93E-04
160.96265	4.14E-04	4.47E-04	4.41E-04	3.16E-05	2.63E-04	2.93E-04	3.78E-04	3.88E-04	3.21E-05	3.04E-04	2.61E-04	3.68E-04	3.90E-04	2.12E-05	3.14E-04	3.12E-04	3.67E-04	3.85E-04
161.926	2.30E-04	2.17E-04	2.32E-04	3.87E-05	3.14E-04	2.57E-04	2.46E-04	2.80E-04	3.29E-05	2.75E-04	2.41E-04	2.60E-04	2.55E-04	3.29E-05	2.61E-04	2.70E-04	2.67E-04	2.72E-04
162.93198	2.10E-03	2.11E-03	2.18E-03	2.06E-04	9.46E-04	1.11E-03	1.33E-03	1.40E-03	1.76E-04	1.09E-03	1.14E-03	1.29E-03	1.37E-03	2.19E-04	1.06E-03	1.14E-03	1.29E-03	1.37E-03
162.99495	8.16E-04	8.12E-04	9.64E-04	1.03E-04	1.97E-04	2.89E-04	3.18E-04	3.32E-04	1.34E-04	2.58E-04	2.26E-04	3.31E-04	3.41E-04	1.33E-04	2.84E-04	2.84E-04	3.33E-04	3.22E-04
164.95629	2.80E-04	2.95E-04	2.86E-04	5.02E-06	1.82E-04	2.61E-04	3.16E-04	3.11E-04	8.61E-06	2.40E-04	2.02E-04	2.91E-04	3.53E-04	9.52E-06	2.22E-04	2.47E-04	2.71E-04	2.70E-04
165.98622	6.09E-05	5.06E-05	1.07E-04	2.15E-06	1.44E-05	1.88E-05	1.83E-05	2.72E-05	6.26E-06	1.64E-05	1.91E-05	2.51E-05	4.21E-05	4.39E-06	1.84E-05	1.74E-05	2.40E-05	3.17E-05
166.94973	9.70E-05	9.41E-05	9.99E-05	8.61E-06	7.01E-05	8.23E-05	9.14E-05	9.35E-05	5.48E-06	7.05E-05	1.29E-04	1.04E-04	1.70E-04	5.12E-06	6.22E-05	7.13E-05	8.16E-05	8.93E-05
168.92041	1.97E-04	1.93E-04	2.05E-04	8.61E-06	8.10E-05	9.01E-05	1.15E-04	1.13E-04	7.83E-06	8.73E-05	9.61E-05	1.14E-04	1.32E-04	1.24E-05	8.65E-05	9.84E-05	1.19E-04	1.17E-04
168.9661	3.46E-04	3.61E-04	3.52E-04	2.51E-05	9.23E-05	1.34E-04	1.69E-04	1.86E-04	3.44E-05	1.02E-04	1.14E-04	1.81E-04	2.08E-04	2.93E-05	1.05E-04	1.23E-04	1.59E-04	1.74E-04
169.93086	6.51E-05	5.67E-05	6.43E-05	7.17E-06	3.31E-05	3.84E-05	4.72E-05	4.56E-05	2.35E-06	2.80E-05	3.71E-05	4.25E-05	5.69E-05	2.20E-06	2.85E-05	3.87E-05	4.03E-05	4.21E-05
170.93773	4.96E-04	4.83E-04	5.02E-04	5.74E-06	1.13E-04	1.51E-04	2.09E-04	2.50E-04	5.48E-06	1.28E-04	1.65E-04	2.28E-04	2.50E-04	8.78E-06	1.36E-04	1.58E-04	2.16E-04	2.33E-04
172.95932	2.49E-04	2.61E-04	2.65E-04	7.17E-07	1.76E-04	2.80E-04	2.84E-04	2.96E-04	2.35E-06	2.44E-04	2.18E-04	2.73E-04	3.35E-04	1.46E-06	2.22E-04	2.55E-04	2.69E-04	2.85E-04
175.94642	4.16E-05	4.47E-05	4.32E-05	2.15E-06	6.62E-05	9.71E-05	9.60E-05	1.03E-04	0.00E+00	8.28E-05	7.67E-05	1.06E-04	1.16E-04	7.32E-07	6.81E-05	8.61E-05	9.80E-05	8.91E-05
176.95682	4.54E-04	4.82E-04	4.70E-04	5.74E-06	1.47E-04	1.78E-04	2.25E-04	2.48E-04	5.48E-06	1.61E-04	1.75E-04	2.22E-04	2.66E-04	1.02E-05	1.71E-04	1.68E-04	2.14E-04	2.13E-04
177.92324	8.03E-05	7.81E-05	8.06E-05	4.59E-05	1.92E-04	1.18E-04	9.96E-05	9.32E-05	3.37E-05	1.45E-04	1.06E-04	1.06E-04	1.06E-04	3.51E-05	1.45E-04	1.32E-04	1.01E-04	1.03E-04
178.72877	3.64E-04	4.14E-04	4.18E-04	1.36E-05	3.01E-04	3.04E-04	3.32E-04	3.60E-04	1.57E-05	3.51E-04	4.37E-04	4.10E-04	4.02E-04	1.46E-05	3.35E-04	3.75E-04	3.73E-04	3.98E-04
178.92823	5.73E-03	5.99E-03	5.94E-03	1.57E-03	4.96E-03	4.81E-03	4.97E-03	5.05E-03	1.46E-03	5.17E-03	4.83E-03	5.21E-03	4.76E-03	1.53E-03	5.16E-03	5.40E-03	5.40E-03	5.18E-03
179.27361	5.66E-05	6.01E-05	5.88E-05	3.73E-05	3.87E-05	4.13E-05	3.81E-05	3.79E-05	3.13E-05	3.99E-05	3.33E-05	3.60E-05	3.19E-05	3.51E-05	3.29E-05	3.62E-05	4.43E-05	3.88E-05
180.9405	7.19E-04	7.77E-04	7.65E-04	3.82E-04	6.10E-04	7.05E-04	7.37E-04	7.49E-04	3.68E-04	7.67E-04	7.11E-04	7.77E-04	8.16E-04	3.68E-04	7.47E-04	7.47E-04	7.64E-04	7.31E-04
181.01321	3.09E-04	3.56E-04	3.34E-04	3.95E-05	7.55E-05	8.96E-05	1.10E-04	1.26E-04	5.09E-05	8.38E-05	6.02E-05	1.13E-04	1.39E-04	4.61E-05	8.16E-05	9.59E-05	1.29E-04	1.40E-04
184.95772	2.91E-04	2.75E-04	3.28E-04	3.16E-05	7.92E-05	1.09E-04	1.27E-04	1.28E-04	2.74E-05	9.21E-05	1.33E-04	1.38E-04	1.79E-04	3.44E-05	7.28E-05	8.94E-05	1.22E-04	1.30E-04
185.92104	4.05E-05	3.33E-05	4.03E-05	0.00E+00	2.22E-05	2.25E-05	2.89E-05	3.01E-05	7.83E-07	1.98E-05	2.88E-05	2.80E-05	3.50E-05	7.32E-07	1.60E-05	2.35E-05	2.40E-05	3.73E-05
186.93384	1.58E-03	1.65E-03	1.68E-03	5.74E-06	3.29E-04	4.71E-04	6.54E-04	7.46E-04	1.17E-05	3.82E-04	4.20E-04	6.50E-04	6.90E-04	1.54E-05	3.99E-04	4.79E-04	6.35E-04	7.63E-04
188.95147	3.31E-04	3.48E-04	3.30E-04	6.46E-06	1.79E-04	2.45E-04	3.03E-04	3.45E-04	6.26E-06	2.12E-04	2.41E-04	3.11E-04	3.45E-04	5.86E-06	1.84E-04	2.49E-04	2.85E-04	3.13E-04
192.96299	2.77E-04	2.82E-04	2.80E-04	1.00E-05	6.36E-05	6.87E-05	8.65E-05	1.00E-04	8.61E-06	7.61E-05	6.97E-05	9.70E-05	1.13E-04	8.78E-06	6.61E-05	8.14E-05	8.07E-05	7.77E-05
194.93943	4.89E-04	5.13E-04	5.10E-04	6.46E-06	2.06E-04	1.23E-04	1.74E-04	1.85E-04	5.48E-06	1.26E-04	1.09E-04	1.53E-04	2.00E-04	2.93E-06	1.17E-04	1.35E-04	1.46E-04	1.89E-04
196.94275	1.51E-03	1.74E-03	1.66E-03	1.91E-03	9.78E-04	1.17E-03	1.10E-03	1.15E-03	1.68E-03	1.36E-03	1.17E-03	1.26E-03	1.28E-03	1.74E-03	1.31E-03	1.33E-03	1.29E-03	1.15E-03
197.00912	1.91E-04	2.34E-04	2.02E-04	1.59E-05	1.24E-04	1.17E-04	1.49E-04	1.73E-04	2.36E-05	1.64E-04	1.13E-04	1.48E-04	1.73E-04	1.40E-05	1.74E-04	1.45E-04	1.61E-04	1.67E-04
199.94027	6.00E-05	6.14E-05	6.01E-05	1.65E-05	3.44E-05	3.28E-05	4.08E-05	3.56E-05	1.80E-05	2.68E-05	2.67E-05	3.04E-05	5.03E-05	1.83E-05	3.13E-05	3.18E-05	3.45E-05	3.58E-05
200.94384	7.70E-05	7.87E-05	8.01E-05	6.46E-06	2.87E-05	3.69E-05	4.14E-05	4.02E-05	7.83E-06	2.98E-05	3.05E-05	4.54E-05	5.24E-05	5.86E-06	3.44E-05	3.58E-05	3.73E-05	4.33E-05
202.93109	5.57E-04	5.58E-04	5.96E-04	1.51E-05	2.11E-04	2.80E-04	3.42E-04	3.95E-04	9.39E-06	2.39E-04	2.43E-04	3.50E-04	3.64E-04	1.39E-05	2.39E-04	2.68E-04	3.64E-04	3.94E-04
204.94688	5.77E-04	6.63E-04	6.10E-04	1.29E-05	1.53E-04	2.13E-04	2.77E-04	2.79E-04	1.33E-05	1.89E-04	1.65E-04	2.65E-04	2.71E-04	1.39E-05	1.93E-04	2.19E-04	2.62E-04	2.74E-04
206.91911	4.81E-04	4.75E-04	4.99E-04	1.08E-05	1.76E-04	2.35E-04	2.93E-04	2.99E-04	5.48E-06	2.04E-04	2.20E-04	2.96E-04	3.24E-04	1.10E-05	2.02E-04	2.25E-04	2.78E-04	2.99E-04
210.93426	2.75E-04	2.77E-04	2.82E-04	1.43E-06	7.79E-05	7.49E-05	1.12E-04	1.27E-04	1.57E-06	6.04E-05	6.52E-05	1.17E-04	1.53E-04	1.46E-06	5.91E-05	7.13E-05	1.07E-04	1.25E-04
212.95462	3.03E-04	3.29E-04	3.26E-04	2.44E-05	7.84E-05	9.71E-05	1.22E-04	1.63E-04	3.13E-05	9.25E-05	8.85E-05	1.46E-04	1.49E-04	3.59E-05	9.00E-05	1.09E-04	1.33E-04	1.51E-04
214.92464	1.78E-04	1.83E-04	1.84E-04	7.17E-06	2.09E-04	3.64E-04	2.86E-04	2.54E-04	3.91E-06	3.86E-04	2.74E-04	3.02E-04	4.42E-04	3.66E-06	3.19E-04	3.24E-04	2.72E-04	2.04E-04
216.93852	1.11E-04	1.23E-04	1.27E-04	2.87E-06	4.18E-05	5.58E-05	4.60E-05	4.30E-05	1.57E-06	6.12E-05	4.55E-05	5.81E-05	7.98E-05	7.32E-07	5.09E-05	6.08E-05	4.50E-05	4.06E-05
217.95477	1.00E-04	1.19E-04	1.15E-04	4.30E-06	1.78E-05	2.69E-05	3.90E-05	3.81E-05	4.70E-06	2.39E-05	2.67E-05	4.27E-05	4.77E-05	5.86E-06	2.70E-05	3.18E-05	3.08E-05	3.52E-05
220.62577	5.18E-04	5.34E-04	5.27E-04	1.43E-06	6.51E-04	5.98E-04	5.96E-04	5.96E-04	1.57E-06	6.39E-04	6.99E-04	6.83E-04	6.07E-04	0.00E+00	6.16E-04	6.31E-04	6.52E-04	6.84E-04
220.89281	8.66E-04	8.82E-04	8.90E-04	2.37E-05	1.02E-03	8.77E-04	8.43E-04	8.30E-04	2.97E-05	9.38E-04	8.01E-04	8.85E-04	8.18E-04	1.90E-05	9.58E-04	9.55E-04	9.17E-04	8.36E-04
222.91356	2.26E-03	2.36E-03	2.39E-03	2.44E-05	7.53E-04	9.26E-04	1.14E-03	1.36E-03	1.72E-05	9.21E-04	8.85E-04	1.23E-03	1.20E-03	2.85E-05	9.03E-04	9.62E-04	1.15E-03	1.27E-03
222.97886	1.61E-03	1.88E-03	1.71E-03	3.59E-06	1.72E-04	2.21E-04	2.75E-04	2.94E-04	3.13E-06	2.45E-04	2.02E-04	2.86E-04	3.01E-04	4.39E-06	2.54E-04	2.64E-04	3.06E-04	3.12E-04
224.92747	2.57E-04	2.85E-04	2.77E-04	1.43E-05	1.18E-04	1.61E-04	1.92E-04	1.91E-04	1.33E-05	1.54E-04	1.59E-04	1.93E-04	2.29E-04	1.02E-05	1.62E-04	1.63E-04	1.85E-04	1.94E-04
228.89511	4.85E-04	4.81E-04	4.89E-04	5.74E-06	1.13E-04	1.53E-04	2.13E-04	2.31E-04	0.00E+00	1.16E-04	1.50E-04	2.04E-04	2.30E-04	7.32E-06	1.26E-04	1.50E-04	1.91E-04	2.26E-04
228.94696	5.08E-04	5.74E-04	5.33E-04	3.59E-06	7.49E-05	1.08E-04	1.71E-04	1.93E-04	7.04E-06	1.09E-04	9.86E-05	1.55E-04	1.87E-04	4.39E-06	1.15E-04	1.17E-04	1.59E-04	1.90E-04
229.90655	7.63E-05	7.99E-05	7.72E-05	3.59E-06	2.13E-05	2.84E-05	3.38E-05	3.64E-05	1.57E-06	2.42E-05	2.46E-05	3.63E-05	3.85E-05	7.32E-07	1.99E-05	2.42E-05	3.05E-05	3.76E-05
230.91658	9.91E-04	1.03E-03	1.06E-03	4.30E-06	1.58E-04	2.08E-04	3.15E-04	3.61E-04	2.35E-06	1.81E-04	2.09E-04	2.96E-04	3.44E-04	4.39E-06	1.76E-04	2.08E-04	2.91E-04	3.53E-04
232.93673	1.54E-04	1.75E-04	1.72E-04	2.15E-06	9.23E-05	1.30E-04	1.56E-04	1.76E-04	2.35E-06	1.18E-04	1.19E-04	1.46E-04	1.84E-04	2.20E-06	1.04E-04	1.28E-04	1.37E-04	1.49E-04
235.9252	1.04E-04	1.15E-04	1.06E-04	1.43E-06	7.75E-05	1.09E-04	1.25E-04	1.27E-04	0.00E+00	1.14E-04	1.03E-04	1.22E-04	1.48E-04	7.32E-07	1.03E-04	1.18E-04	1.27E-04	1.22E-04
236.93497	7.57E-04	8.15E-04	7.80E-04	5.74E-06	1.99E-04	2.20E-04	2.88E-04	3.32E-04	3.13E-06	2.08E-04	2.24E-04	2.85E-04	3.67E-04	2.93E-06	1.99E-04	2.36E-04	2.93E-04	3.11E-04
237.90205	1.16E-04	1.17E-04	1.19E-04	2.08E-05	1.24E-04	9.78E-05	8.53E-05	9.72E-05	1.72E-05	1.13E-04	9.37E-05	1.05E-04	1.05E-04	1.61E-05	1.00E-04	1.04E-04	9.82E-05	1.01E-04
238.91103	5.64E-03	6.24E-03	6.03E-03	3.42E-04	3.20E-03	3.48E-03	3.86E-03	4.06E-03	3.20E-04	3.82E-03	3.39E-03	4.16E-03	4.04E-03	3.20E-04	3.77E-03	3.98E-03	4.26E-03	4.20E-03
240.90948	3.14E-04	3.57E-04	3.56E-04	1.03E-04	4.04E-04	5.38E-04	5.51E-04	5.24E-04	9.24E-05	5.99E-04	5.34E-04	6.00E-04	7.06E-04	9.59E-05	5.40E-04	5.45E-04	5.34E-04	4.79E-04
244.94217	4.01E-04	4.48E-04	4.36E-04	1.43E-06	8.71E-05	1.33E-04	1.46E-04	1.82E-04	1.57E-06	9.81E-05	9.61E-05	1.61E-04	1.85E-04	2.20E-06	1.05E-04	1.14E-04	1.70E-04	1.77E-04
246.91611	2.43E-03	2.67E-03	2.61E-03	1.00E-05	3.91E-04	5.76E-04	8.27E-04	9.09E-04	5.48E-06	4.93E-04	5.41E-04	8.32E-04	8.48E-04	5.86E-06	4.92E-04	5.72E-04	8.18E-04	9.05E-04
248.88797	4.34E-04	4.26E-04	4.37E-04	1.43E-06	1.57E-04	2.17E-04	2.82E-04	2.94E-04	2.35E-06	1.86E-04	2.42E-04	3.04E-04	3.31E-04	2.93E-06	1.94E-04	2.09E-04	2.61E-04	2.98E-04
252.94884	2.28E-04	2.60E-04	2.40E-04	4.30E-06	3.83E-05	5.61E-05	7.16E-05	8.44E-05	1.57E-06	5.00E-05	4.75E-05	7.11E-05	8.56E-05	7.32E-07	4.54E-05	5.68E-05	7.09E-05	8.28E-05
253.04029	1.00E-04	1.24E-04	1.01E-04	1.43E-06	1.78E-05	2.10E-05	2.89E-05	4.71E-05	1.57E-06	2.61E-05	1.94E-05	3.01E-05	4.21E-05	1.46E-06	1.84E-05	2.61E-05	3.39E-05	4.04E-05
253.95271	4.25E-05	4.71E-05	4.36E-05	1.43E-06	1.09E-05	1.85E-05	1.46E-05	1.84E-05	7.83E-07	1.75E-05	7.63E-06	1.59E-05	1.81E-05	2.20E-06	1.60E-05	1.66E-05	1.69E-05	1.40E-05
254.9216	8.94E-04	9.57E-04	9.37E-04	6.46E-06	1.43E-04	1.85E-04	2.71E-04	2.89E-04	3.91E-06	1.51E-04	1.76E-04	2.51E-04	3.12E-04	5.12E-06	1.71E-04	1.82E-04	2.39E-04	2.61E-04
256.87471	2.44E-04	2.43E-04	2.44E-04	4.79E-04	6.68E-04	1.04E-03	8.53E-04	6.99E-04	4.32E-04	1.06E-03	1.07E-03	8.95E-04	1.30E-03	3.97E-04	8.49E-04	9.01E-04	6.70E-04	5.55E-04
259.92334	1.74E-04	2.01E-04	1.86E-04	2.01E-05	3.57E-05	5.50E-05	6.30E-05	5.96E-05	2.51E-05	3.50E-05	4.06E-05	5.72E-05	7.10E-05	1.61E-05	3.60E-05	4.77E-05	5.97E-05	6.93E-05
260.93314	3.45E-04	3.66E-04	3.57E-04	1.65E-05	9.58E-05	1.13E-04	1.52E-04	1.70E-04	1.33E-05	9.73E-05	1.05E-04	1.50E-04	2.13E-04	1.61E-05	8.92E-05	1.18E-04	1.51E-04	1.56E-04
262.91166	4.71E-04	5.19E-04	4.98E-04	7.17E-06	1.58E-04	2.19E-04	2.78E-04	2.86E-04	7.83E-06	1.74E-04	1.78E-04	2.49E-04	2.73E-04	8.05E-06	1.89E-04	2.11E-04	2.59E-04	2.88E-04
263.85399	8.80E-04	9.03E-04	8.94E-04	5.02E-06	4.91E-04	5.45E-04	6.74E-04	7.30E-04	4.70E-06	5.04E-04	5.29E-04	6.70E-04	6.22E-04	2.20E-06	5.26E-04	5.61E-04	6.54E-04	7.16E-04
264.88138	1.92E-03	2.00E-03	1.99E-03	1.29E-05	7.74E-04	1.09E-03	1.37E-03	1.48E-03	1.57E-05	9.59E-04	1.00E-03	1.36E-03	1.38E-03	8.78E-06	9.54E-04	1.12E-03	1.32E-03	1.44E-03
270.91045	4.50E-04	4.97E-04	4.89E-04	2.15E-06	6.01E-05	1.12E-04	1.48E-04	1.80E-04	1.57E-06	8.43E-05	9.85E-05	1.50E-04	1.91E-04	0.00E+00	8.22E-05	1.05E-04	1.38E-04	1.59E-04
271.85646	3.63E-04	3.56E-04	3.71E-04	2.15E-06	7.66E-05	1.08E-04	1.62E-04	1.76E-04	7.83E-07	8.01E-05	1.09E-04	1.50E-04	1.58E-04	3.66E-06	8.21E-05	9.88E-05	1.48E-04	1.74E-04
272.88486	1.04E-03	1.05E-03	1.05E-03	3.59E-06	1.73E-04	2.86E-04	3.96E-04	4.89E-04	0.00E+00	2.19E-04	2.45E-04	3.80E-04	4.21E-04	2.20E-06	2.27E-04	2.46E-04	3.85E-04	4.27E-04
278.90622	6.06E-04	6.53E-04	6.44E-04	6.46E-06	1.37E-04	1.81E-04	2.42E-04	2.66E-04	6.26E-06	1.36E-04	1.52E-04	2.33E-04	2.81E-04	6.59E-06	1.57E-04	1.71E-04	2.19E-04	2.42E-04
279.85139	2.28E-04	2.33E-04	2.37E-04	2.15E-06	4.10E-04	3.09E-04	2.64E-04	2.50E-04	5.48E-06	3.50E-04	3.26E-04	3.04E-04	2.53E-04	4.39E-06	3.27E-04	3.31E-04	3.24E-04	2.90E-04
280.5427	6.47E-04	6.88E-04	7.06E-04	1.43E-06	3.21E-04	3.58E-04	4.27E-04	4.53E-04	2.35E-06	3.96E-04	4.86E-04	4.90E-04	5.03E-04	1.46E-06	3.81E-04	4.14E-04	4.56E-04	5.08E-04
280.876	7.53E-03	7.96E-03	7.74E-03	2.15E-05	5.01E-03	5.35E-03	5.80E-03	6.06E-03	3.21E-05	5.47E-03	5.16E-03	6.14E-03	5.73E-03	1.98E-05	5.55E-03	5.86E-03	6.24E-03	6.20E-03
282.87186	6.42E-04	6.67E-04	6.67E-04	1.86E-05	4.64E-04	5.79E-04	5.99E-04	6.10E-04	1.49E-05	6.07E-04	5.82E-04	6.01E-04	6.95E-04	1.32E-05	5.87E-04	5.92E-04	5.69E-04	5.18E-04
282.95583	8.26E-04	9.59E-04	8.70E-04	2.65E-05	8.33E-05	1.18E-04	1.11E-04	1.29E-04	2.82E-05	1.43E-04	1.03E-04	1.37E-04	1.40E-04	2.71E-05	1.55E-04	1.38E-04	1.39E-04	1.28E-04
286.90171	3.22E-04	3.52E-04	3.39E-04	2.15E-06	5.88E-05	7.90E-05	1.21E-04	1.37E-04	0.00E+00	6.64E-05	6.66E-05	1.21E-04	1.46E-04	2.93E-06	6.26E-05	7.60E-05	1.17E-04	1.39E-04
288.54844	3.54E-04	3.70E-04	3.68E-04	0.00E+00	4.83E-05	7.23E-05	1.01E-04	1.22E-04	0.00E+00	6.49E-05	8.50E-05	1.16E-04	1.25E-04	0.00E+00	5.91E-05	6.66E-05	1.07E-04	1.21E-04
288.87971	3.16E-03	3.32E-03	3.29E-03	1.43E-06	5.34E-04	7.96E-04	1.16E-03	1.33E-03	3.13E-06	6.22E-04	6.72E-04	1.13E-03	1.14E-03	3.66E-06	6.44E-04	7.90E-04	1.13E-03	1.30E-03
289.88109	1.73E-04	1.83E-04	1.74E-04	7.17E-07	6.62E-05	9.34E-05	9.99E-05	1.26E-04	1.57E-06	7.05E-05	6.49E-05	1.02E-04	1.14E-04	1.46E-06	6.69E-05	8.29E-05	1.12E-04	1.08E-04
290.96215	2.81E-04	3.25E-04	2.85E-04	0.00E+00	2.44E-05	3.66E-05	5.73E-05	6.37E-05	1.57E-06	3.99E-05	3.19E-05	5.96E-05	6.54E-05	1.46E-06	3.60E-05	4.34E-05	5.89E-05	6.25E-05
296.88634	9.68E-04	1.03E-03	9.94E-04	2.87E-06	1.78E-04	1.88E-04	2.65E-04	3.06E-04	3.13E-06	1.59E-04	1.59E-04	2.74E-04	3.15E-04	2.20E-06	1.61E-04	1.80E-04	2.73E-04	3.11E-04
298.89246	5.44E-04	6.32E-04	5.66E-04	4.38E-05	3.86E-04	6.93E-04	6.03E-04	5.73E-04	5.40E-05	7.37E-04	5.03E-04	5.89E-04	6.84E-04	5.35E-05	7.09E-04	6.90E-04	5.82E-04	4.97E-04
301.88306	2.11E-04	2.37E-04	2.28E-04	1.08E-05	4.31E-05	5.90E-05	7.70E-05	8.75E-05	6.26E-06	4.73E-05	5.24E-05	6.78E-05	9.16E-05	1.32E-05	4.97E-05	5.97E-05	6.93E-05	8.07E-05
302.89527	3.77E-04	4.10E-04	4.01E-04	4.30E-06	6.53E-05	9.89E-05	1.31E-04	1.52E-04	7.04E-06	8.50E-05	9.13E-05	1.37E-04	1.81E-04	4.39E-06	8.72E-05	9.66E-05	1.28E-04	1.42E-04
303.05416	5.60E-05	6.53E-05	5.69E-05	7.17E-07	6.09E-06	8.86E-06	1.55E-05	1.89E-05	0.00E+00	1.19E-05	1.18E-05	1.86E-05	2.37E-05	7.32E-07	8.21E-06	1.41E-05	1.97E-05	1.94E-05
304.87883	8.41E-04	8.78E-04	8.60E-04	7.17E-07	1.89E-04	2.73E-04	3.81E-04	4.39E-04	1.57E-06	2.39E-04	2.49E-04	3.77E-04	4.11E-04	0.00E+00	2.29E-04	2.67E-04	3.67E-04	4.41E-04
306.85172	8.41E-04	8.75E-04	8.62E-04	1.43E-06	3.47E-04	5.26E-04	6.11E-04	6.74E-04	3.91E-06	4.44E-04	4.23E-04	6.18E-04	6.95E-04	6.59E-06	4.20E-04	4.82E-04	5.82E-04	5.98E-04
312.88754	4.00E-04	4.39E-04	4.17E-04	2.15E-06	6.22E-05	8.42E-05	1.29E-04	1.54E-04	6.26E-06	7.94E-05	7.29E-05	1.14E-04	1.48E-04	5.12E-06	8.14E-05	8.00E-05	1.20E-04	1.41E-04
314.85163	5.17E-04	5.31E-04	5.54E-04	5.02E-06	1.05E-04	1.54E-04	2.06E-04	2.51E-04	2.35E-06	1.16E-04	1.42E-04	1.99E-04	2.58E-04	1.46E-06	1.22E-04	1.32E-04	1.83E-04	2.22E-04
322.48403	2.16E-03	2.29E-03	2.25E-03	2.15E-06	1.07E-03	1.23E-03	1.43E-03	1.58E-03	2.35E-06	1.27E-03	1.47E-03	1.61E-03	1.59E-03	1.46E-06	1.27E-03	1.40E-03	1.59E-03	1.65E-03
322.83197	4.52E-03	4.66E-03	4.53E-03	7.17E-06	3.51E-03	3.68E-03	3.92E-03	4.08E-03	7.83E-06	3.77E-03	3.66E-03	4.07E-03	3.76E-03	8.05E-06	3.85E-03	3.95E-03	4.14E-03	4.21E-03
330.48168	9.44E-04	9.89E-04	9.89E-04	7.17E-07	1.37E-04	1.87E-04	2.96E-04	3.48E-04	0.00E+00	1.69E-04	2.26E-04	3.19E-04	3.44E-04	2.20E-06	1.46E-04	2.04E-04	2.92E-04	3.70E-04
330.8342	2.44E-03	2.46E-03	2.53E-03	2.15E-06	4.14E-04	6.36E-04	9.38E-04	1.05E-03	1.57E-06	5.12E-04	5.94E-04	8.98E-04	9.52E-04	7.32E-07	5.20E-04	6.31E-04	8.87E-04	1.04E-03
338.84195	8.38E-04	8.77E-04	8.47E-04	2.15E-06	1.83E-04	1.58E-04	2.47E-04	2.88E-04	4.70E-06	1.39E-04	1.44E-04	2.20E-04	3.06E-04	2.93E-06	1.49E-04	1.49E-04	2.28E-04	2.91E-04
342.9458	3.03E-04	3.60E-04	3.13E-04	1.43E-06	2.53E-05	3.77E-05	3.99E-05	4.85E-05	0.00E+00	4.14E-05	2.46E-05	4.78E-05	5.98E-05	1.46E-06	4.31E-05	4.02E-05	4.01E-05	4.81E-05
346.84666	5.79E-04	6.17E-04	5.92E-04	7.17E-07	1.43E-04	1.86E-04	2.63E-04	3.16E-04	1.57E-06	1.51E-04	1.62E-04	2.80E-04	2.69E-04	7.32E-07	1.49E-04	1.97E-04	2.51E-04	3.03E-04
348.87495	5.30E-04	5.90E-04	5.52E-04	1.43E-06	8.01E-05	1.57E-04	1.93E-04	2.16E-04	1.57E-06	1.27E-04	1.09E-04	1.81E-04	2.15E-04	1.46E-06	1.22E-04	1.58E-04	1.77E-04	1.91E-04
354.83485	5.14E-04	5.41E-04	5.35E-04	7.17E-07	5.57E-05	1.20E-04	1.71E-04	2.02E-04	0.00E+00	8.76E-05	1.02E-04	1.66E-04	2.09E-04	7.32E-07	8.29E-05	1.06E-04	1.65E-04	1.98E-04
364.42425	3.18E-03	3.31E-03	3.31E-03	0.00E+00	2.02E-03	2.34E-03	2.61E-03	2.80E-03	2.35E-06	2.33E-03	2.70E-03	2.85E-03	2.75E-03	0.00E+00	2.25E-03	2.45E-03	2.72E-03	2.84E-03
364.78775	4.15E-03	4.13E-03	4.13E-03	5.02E-06	3.82E-03	3.75E-03	4.02E-03	4.13E-03	5.48E-06	3.80E-03	3.82E-03	4.20E-03	3.70E-03	3.66E-06	3.88E-03	4.08E-03	4.19E-03	4.27E-03
366.79797	4.66E-04	4.81E-04	4.72E-04	1.43E-06	1.65E-04	2.07E-04	2.47E-04	2.54E-04	7.83E-07	1.82E-04	1.85E-04	2.46E-04	2.58E-04	7.32E-07	1.80E-04	1.89E-04	2.32E-04	2.63E-04
372.40859	9.60E-04	9.64E-04	9.86E-04	0.00E+00	1.82E-04	2.74E-04	3.99E-04	4.85E-04	0.00E+00	2.24E-04	3.21E-04	4.15E-04	4.71E-04	0.00E+00	2.03E-04	2.67E-04	3.76E-04	4.65E-04
372.796	1.74E-03	1.73E-03	1.75E-03	0.00E+00	3.55E-04	5.71E-04	7.98E-04	9.55E-04	0.00E+00	4.48E-04	4.90E-04	7.70E-04	8.09E-04	2.20E-06	4.42E-04	5.28E-04	7.70E-04	9.01E-04
380.79501	7.29E-04	7.50E-04	7.48E-04	3.59E-06	1.65E-04	1.72E-04	2.52E-04	2.87E-04	5.48E-06	1.40E-04	1.57E-04	2.26E-04	3.00E-04	5.86E-06	1.37E-04	1.58E-04	2.22E-04	2.74E-04
382.80725	1.60E-03	1.71E-03	1.69E-03	4.30E-06	4.81E-04	6.16E-04	7.18E-04	8.26E-04	7.04E-06	6.19E-04	6.16E-04	7.57E-04	7.91E-04	3.66E-06	6.46E-04	6.67E-04	7.94E-04	8.41E-04
388.80555	4.65E-04	4.70E-04	4.68E-04	0.00E+00	1.23E-04	1.62E-04	2.28E-04	2.56E-04	1.57E-06	1.29E-04	1.41E-04	2.22E-04	2.37E-04	7.32E-07	1.40E-04	1.74E-04	2.22E-04	2.55E-04
390.82135	6.06E-04	6.64E-04	6.32E-04	1.43E-06	6.35E-05	1.16E-04	1.61E-04	1.91E-04	0.00E+00	8.84E-05	9.85E-05	1.69E-04	1.85E-04	7.32E-07	9.62E-05	1.10E-04	1.57E-04	1.90E-04
408.76381	7.89E-04	8.39E-04	8.29E-04	7.17E-07	2.61E-04	4.23E-04	5.32E-04	6.17E-04	2.35E-06	3.34E-04	4.00E-04	5.73E-04	5.75E-04	0.00E+00	3.41E-04	3.92E-04	5.06E-04	5.79E-04
416.77365	5.15E-04	5.09E-04	5.05E-04	7.17E-07	7.62E-05	1.21E-04	1.88E-04	2.16E-04	7.83E-07	9.69E-05	1.05E-04	1.71E-04	2.07E-04	0.00E+00	8.96E-05	1.18E-04	1.60E-04	2.15E-04
423.75856	3.23E-04	2.98E-04	2.97E-04	1.43E-06	5.63E-04	4.53E-04	4.34E-04	3.95E-04	7.83E-07	4.85E-04	4.45E-04	4.40E-04	3.69E-04	1.46E-06	4.88E-04	5.12E-04	4.56E-04	4.41E-04
424.77867	5.23E-03	5.46E-03	5.37E-03	3.59E-06	3.61E-03	3.97E-03	4.40E-03	4.73E-03	3.13E-06	4.08E-03	3.95E-03	4.69E-03	4.24E-03	5.86E-06	4.11E-03	4.41E-03	4.87E-03	4.88E-03
426.77782	3.05E-04	3.08E-04	3.26E-04	2.15E-06	2.50E-04	2.79E-04	3.11E-04	3.18E-04	0.00E+00	2.96E-04	2.44E-04	3.13E-04	3.08E-04	2.93E-06	3.05E-04	3.08E-04	3.00E-04	2.97E-04
432.77675	2.53E-03	2.61E-03	2.63E-03	7.17E-07	3.97E-04	6.47E-04	9.42E-04	1.11E-03	7.83E-07	4.89E-04	5.96E-04	9.27E-04	9.75E-04	1.46E-06	5.06E-04	5.90E-04	9.17E-04	1.17E-03
440.77811	7.79E-04	8.16E-04	8.08E-04	3.59E-06	1.41E-04	1.44E-04	2.21E-04	2.67E-04	3.91E-06	1.06E-04	1.17E-04	2.17E-04	2.49E-04	2.93E-06	1.07E-04	1.26E-04	2.14E-04	2.67E-04
445.77475	2.02E-04	2.11E-04	2.03E-04	7.17E-07	4.05E-05	5.06E-05	7.00E-05	8.66E-05	3.13E-06	4.92E-05	5.27E-05	7.25E-05	8.06E-05	7.32E-07	5.16E-05	4.85E-05	6.13E-05	7.35E-05
448.78511	4.85E-04	5.14E-04	5.02E-04	0.00E+00	9.23E-05	1.49E-04	2.15E-04	2.61E-04	0.00E+00	1.08E-04	1.02E-04	2.15E-04	2.28E-04	2.20E-06	1.12E-04	1.34E-04	2.18E-04	2.66E-04
456.77216	5.34E-04	5.59E-04	5.67E-04	7.17E-07	5.09E-05	1.06E-04	1.63E-04	1.99E-04	0.00E+00	7.83E-05	1.01E-04	1.78E-04	2.21E-04	0.00E+00	8.02E-05	1.04E-04	1.55E-04	1.96E-04
458.7369	2.62E-04	2.69E-04	2.76E-04	7.17E-07	5.40E-05	8.64E-05	1.13E-04	1.34E-04	0.00E+00	6.60E-05	6.94E-05	1.15E-04	1.44E-04	0.00E+00	5.91E-05	6.51E-05	1.05E-04	1.32E-04
464.77899	3.38E-04	3.52E-04	3.30E-04	7.17E-07	4.74E-05	7.23E-05	1.20E-04	1.27E-04	0.00E+00	6.67E-05	6.04E-05	1.19E-04	1.61E-04	0.00E+00	5.79E-05	6.19E-05	9.42E-05	1.26E-04
466.31619	3.40E-03	3.58E-03	3.54E-03	2.15E-06	1.86E-03	2.34E-03	2.73E-03	2.93E-03	2.35E-06	2.40E-03	2.61E-03	2.94E-03	2.98E-03	7.32E-07	2.24E-03	2.52E-03	2.84E-03	2.98E-03
466.73251	4.89E-03	5.00E-03	5.00E-03	0.00E+00	4.54E-03	4.81E-03	5.09E-03	5.27E-03	7.83E-07	4.82E-03	4.90E-03	5.27E-03	4.80E-03	3.66E-06	4.76E-03	5.06E-03	5.37E-03	5.51E-03
472.79641	1.53E-04	1.65E-04	1.53E-04	0.00E+00	1.96E-05	2.99E-05	4.45E-05	5.88E-05	0.00E+00	2.87E-05	3.05E-05	4.63E-05	6.36E-05	0.00E+00	2.82E-05	2.64E-05	4.03E-05	5.50E-05
474.73002	2.61E-03	2.63E-03	2.63E-03	7.17E-07	5.26E-04	7.95E-04	1.16E-03	1.34E-03	0.00E+00	5.90E-04	6.89E-04	1.11E-03	1.14E-03	7.32E-07	6.29E-04	7.49E-04	1.12E-03	1.35E-03
482.73776	8.07E-04	8.10E-04	8.28E-04	2.15E-06	1.75E-04	1.53E-04	2.47E-04	3.09E-04	0.00E+00	1.21E-04	1.45E-04	2.53E-04	3.05E-04	7.32E-07	1.35E-04	1.55E-04	2.45E-04	3.00E-04
484.32047	6.59E-04	7.18E-04	7.00E-04	7.17E-07	1.82E-04	2.03E-04	2.62E-04	3.03E-04	1.57E-06	2.48E-04	2.84E-04	3.14E-04	3.01E-04	1.46E-06	2.34E-04	2.65E-04	2.99E-04	3.29E-04
484.7597	6.23E-04	6.85E-04	6.49E-04	2.15E-06	1.32E-04	1.73E-04	2.33E-04	2.28E-04	2.35E-06	1.89E-04	1.54E-04	2.30E-04	2.44E-04	1.46E-06	1.78E-04	1.94E-04	2.13E-04	2.34E-04
490.74145	4.63E-04	4.68E-04	4.69E-04	0.00E+00	9.97E-05	1.69E-04	2.33E-04	2.76E-04	7.83E-07	1.31E-04	1.30E-04	2.42E-04	2.44E-04	0.00E+00	1.17E-04	1.40E-04	2.16E-04	2.67E-04
498.72865	4.58E-04	4.57E-04	4.70E-04	6.46E-06	5.53E-05	1.12E-04	1.55E-04	2.00E-04	1.02E-05	8.39E-05	9.71E-05	1.51E-04	2.41E-04	2.20E-06	8.06E-05	8.97E-05	1.39E-04	1.95E-04
506.75538	1.65E-04	1.75E-04	1.70E-04	0.00E+00	2.22E-05	3.95E-05	5.79E-05	6.17E-05	2.35E-06	3.24E-05	2.98E-05	5.63E-05	8.27E-05	0.00E+00	2.74E-05	3.69E-05	5.17E-05	6.39E-05
509.70254	3.31E-04	3.54E-04	3.51E-04	0.00E+00	1.29E-04	1.77E-04	2.16E-04	2.63E-04	0.00E+00	1.46E-04	1.49E-04	2.24E-04	2.15E-04	0.00E+00	1.48E-04	1.52E-04	2.21E-04	2.59E-04
510.71435	4.55E-04	4.72E-04	4.60E-04	0.00E+00	1.11E-04	1.96E-04	2.86E-04	3.39E-04	0.00E+00	1.80E-04	1.71E-04	2.79E-04	3.17E-04	7.32E-07	1.75E-04	1.91E-04	2.68E-04	3.30E-04
525.68568	2.27E-04	2.26E-04	2.32E-04	1.43E-06	3.13E-04	2.62E-04	2.71E-04	2.61E-04	0.00E+00	2.75E-04	3.03E-04	2.77E-04	2.46E-04	0.00E+00	2.85E-04	2.78E-04	2.93E-04	2.76E-04
526.72422	3.84E-03	4.06E-03	3.99E-03	2.87E-06	2.45E-03	2.78E-03	3.23E-03	3.48E-03	1.57E-06	2.80E-03	2.88E-03	3.45E-03	3.14E-03	0.00E+00	2.90E-03	3.10E-03	3.57E-03	3.67E-03
528.73412	2.96E-04	3.13E-04	3.12E-04	0.00E+00	2.67E-04	2.81E-04	3.10E-04	3.26E-04	0.00E+00	3.13E-04	2.69E-04	3.67E-04	3.56E-04	1.46E-06	3.36E-04	3.35E-04	3.60E-04	3.53E-04
534.72456	1.74E-03	1.81E-03	1.82E-03	0.00E+00	2.32E-04	4.00E-04	6.31E-04	7.52E-04	0.00E+00	2.94E-04	3.48E-04	6.36E-04	5.88E-04	7.32E-07	3.26E-04	3.82E-04	6.16E-04	7.76E-04
535.74368	1.03E-04	1.14E-04	1.08E-04	0.00E+00	2.83E-05	3.06E-05	4.72E-05	4.62E-05	0.00E+00	2.24E-05	2.60E-05	3.80E-05	5.03E-05	0.00E+00	1.99E-05	2.82E-05	4.28E-05	5.59E-05
535.87911	1.47E-05	1.35E-05	1.41E-05	0.00E+00	2.61E-06	3.69E-06	1.83E-06	8.60E-06	0.00E+00	2.98E-06	6.24E-06	4.42E-06	4.59E-06	0.00E+00	3.91E-06	3.62E-06	3.39E-06	5.97E-06
542.72088	4.85E-04	4.92E-04	4.94E-04	1.43E-06	7.79E-05	7.20E-05	1.28E-04	1.58E-04	0.00E+00	5.52E-05	7.18E-05	1.21E-04	1.54E-04	0.00E+00	6.49E-05	6.76E-05	1.24E-04	1.57E-04
547.72947	1.11E-04	1.26E-04	1.20E-04	0.00E+00	2.70E-05	2.55E-05	4.23E-05	4.73E-05	0.00E+00	2.94E-05	2.53E-05	3.86E-05	4.98E-05	0.00E+00	2.78E-05	2.89E-05	3.42E-05	4.12E-05
550.72571	3.26E-04	3.49E-04	3.39E-04	0.00E+00	5.61E-05	9.56E-05	1.43E-04	1.62E-04	0.00E+00	5.96E-05	7.91E-05	1.22E-04	1.56E-04	0.00E+00	7.16E-05	8.61E-05	1.37E-04	1.60E-04
552.68484	3.34E-04	3.38E-04	3.30E-04	0.00E+00	1.71E-04	2.67E-04	3.36E-04	3.49E-04	0.00E+00	2.10E-04	2.30E-04	3.23E-04	3.55E-04	0.00E+00	1.78E-04	2.39E-04	2.90E-04	3.41E-04
558.71701	2.66E-04	2.96E-04	2.86E-04	7.17E-07	3.09E-05	5.02E-05	9.02E-05	9.49E-05	2.35E-06	3.50E-05	3.61E-05	8.02E-05	9.01E-05	0.00E+00	3.40E-05	4.45E-05	6.59E-05	1.14E-04
568.68519	5.13E-03	5.19E-03	5.21E-03	7.17E-07	4.45E-03	5.08E-03	5.38E-03	5.52E-03	1.57E-06	4.98E-03	5.07E-03	5.67E-03	5.07E-03	0.00E+00	4.99E-03	5.34E-03	5.83E-03	5.84E-03
569.67895	5.62E-05	5.87E-05	5.94E-05	0.00E+00	2.39E-05	2.21E-05	3.20E-05	3.61E-05	0.00E+00	2.76E-05	2.64E-05	3.80E-05	3.39E-05	0.00E+00	1.92E-05	2.42E-05	3.14E-05	3.52E-05
570.69763	2.65E-04	2.76E-04	2.73E-04	0.00E+00	1.63E-04	1.93E-04	2.03E-04	2.14E-04	1.57E-06	1.82E-04	1.53E-04	2.09E-04	2.10E-04	0.00E+00	1.71E-04	1.90E-04	2.19E-04	2.31E-04
576.68148	2.05E-03	2.07E-03	2.07E-03	1.43E-06	3.76E-04	6.33E-04	9.74E-04	1.10E-03	7.83E-07	4.68E-04	5.56E-04	9.25E-04	9.36E-04	7.32E-07	4.85E-04	6.01E-04	9.05E-04	1.14E-03
577.68801	6.84E-05	7.54E-05	6.75E-05	0.00E+00	1.04E-05	1.48E-05	2.31E-05	2.67E-05	0.00E+00	9.69E-06	1.63E-05	2.45E-05	3.11E-05	0.00E+00	1.33E-05	1.41E-05	2.19E-05	3.02E-05
584.68648	5.50E-04	5.60E-04	5.75E-04	0.00E+00	1.47E-04	1.24E-04	1.87E-04	2.24E-04	7.83E-07	9.28E-05	8.50E-05	1.81E-04	2.17E-04	0.00E+00	8.80E-05	1.02E-04	1.82E-04	2.30E-04
586.71335	2.89E-04	3.27E-04	3.07E-04	0.00E+00	4.18E-05	4.61E-05	5.15E-05	6.45E-05	0.00E+00	6.34E-05	4.06E-05	5.51E-05	7.10E-05	7.32E-07	5.63E-05	5.97E-05	6.31E-05	6.54E-05
592.68188	3.80E-04	3.86E-04	4.01E-04	0.00E+00	7.92E-05	1.14E-04	1.82E-04	2.18E-04	0.00E+00	8.87E-05	9.68E-05	1.79E-04	1.78E-04	0.00E+00	8.72E-05	1.12E-04	1.67E-04	2.18E-04
600.69483	2.78E-04	2.96E-04	2.88E-04	1.43E-06	4.18E-05	7.86E-05	9.75E-05	1.23E-04	0.00E+00	5.52E-05	4.27E-05	9.82E-05	1.42E-04	1.46E-06	4.93E-05	5.39E-05	1.06E-04	1.16E-04
612.65087	2.03E-04	2.18E-04	2.03E-04	0.00E+00	5.48E-05	9.37E-05	1.39E-04	1.48E-04	0.00E+00	7.53E-05	7.08E-05	1.27E-04	1.31E-04	1.46E-06	8.14E-05	8.79E-05	1.28E-04	1.39E-04
628.67123	2.63E-03	2.81E-03	2.80E-03	7.17E-07	1.59E-03	1.91E-03	2.17E-03	2.42E-03	0.00E+00	1.91E-03	1.94E-03	2.38E-03	2.15E-03	7.32E-07	1.94E-03	2.15E-03	2.46E-03	2.58E-03
630.67561	1.88E-04	2.05E-04	2.04E-04	7.17E-07	1.74E-04	2.00E-04	2.36E-04	2.53E-04	7.83E-07	2.34E-04	1.88E-04	2.56E-04	2.44E-04	0.00E+00	2.24E-04	2.32E-04	2.36E-04	2.50E-04
636.66703	1.18E-03	1.27E-03	1.28E-03	0.00E+00	1.45E-04	2.39E-04	3.84E-04	4.76E-04	0.00E+00	2.14E-04	2.30E-04	4.16E-04	3.97E-04	0.00E+00	2.11E-04	2.39E-04	4.15E-04	5.28E-04
638.67723	6.96E-05	7.30E-05	7.17E-05	0.00E+00	1.31E-05	1.84E-05	2.86E-05	3.76E-05	0.00E+00	1.57E-05	2.01E-05	2.62E-05	4.24E-05	0.00E+00	1.99E-05	1.81E-05	2.99E-05	3.11E-05
644.65919	3.77E-04	3.94E-04	3.91E-04	7.17E-07	5.27E-05	6.02E-05	1.04E-04	1.18E-04	0.00E+00	4.58E-05	4.96E-05	9.17E-05	1.19E-04	7.32E-07	4.11E-05	6.37E-05	8.01E-05	1.07E-04
652.67572	2.10E-04	2.22E-04	2.22E-04	1.43E-06	4.83E-05	5.20E-05	8.83E-05	1.06E-04	0.00E+00	3.73E-05	4.86E-05	8.58E-05	9.32E-05	0.00E+00	4.73E-05	5.43E-05	8.16E-05	9.53E-05
654.62504	2.15E-04	2.26E-04	2.23E-04	0.00E+00	1.09E-04	1.73E-04	2.25E-04	2.48E-04	0.00E+00	1.36E-04	1.54E-04	2.35E-04	2.58E-04	0.00E+00	1.38E-04	1.63E-04	2.06E-04	2.42E-04
660.65391	2.33E-04	2.34E-04	2.40E-04	7.17E-07	2.18E-05	4.06E-05	7.46E-05	8.20E-05	0.00E+00	3.39E-05	3.57E-05	6.54E-05	7.68E-05	7.32E-07	2.85E-05	3.51E-05	6.47E-05	8.66E-05
662.63765	1.51E-04	1.59E-04	1.60E-04	7.17E-07	2.79E-05	4.83E-05	7.77E-05	9.21E-05	0.00E+00	3.76E-05	4.44E-05	7.75E-05	7.96E-05	0.00E+00	3.91E-05	3.69E-05	7.14E-05	8.72E-05
670.63082	3.51E-03	3.62E-03	3.61E-03	1.43E-06	3.29E-03	3.74E-03	4.04E-03	4.22E-03	1.57E-06	3.77E-03	3.74E-03	4.36E-03	3.84E-03	2.20E-06	3.75E-03	4.15E-03	4.38E-03	4.47E-03
672.63536	2.21E-04	2.38E-04	2.19E-04	0.00E+00	1.51E-04	1.77E-04	2.04E-04	2.06E-04	7.83E-07	1.59E-04	1.73E-04	1.94E-04	1.86E-04	0.00E+00	1.63E-04	1.88E-04	1.97E-04	2.07E-04
678.62586	1.59E-03	1.57E-03	1.57E-03	7.17E-07	2.82E-04	4.93E-04	7.24E-04	8.88E-04	7.83E-07	3.67E-04	4.32E-04	7.49E-04	7.35E-04	7.32E-07	3.75E-04	4.48E-04	7.17E-04	8.83E-04
686.63647	4.34E-04	4.46E-04	4.27E-04	0.00E+00	9.84E-05	8.71E-05	1.56E-04	1.88E-04	7.83E-07	5.78E-05	6.45E-05	1.47E-04	1.67E-04	0.00E+00	7.08E-05	9.41E-05	1.37E-04	1.90E-04
694.62207	2.86E-04	2.87E-04	2.92E-04	7.17E-07	6.53E-05	7.49E-05	1.33E-04	1.61E-04	0.00E+00	6.45E-05	7.32E-05	1.24E-04	1.35E-04	7.32E-07	4.58E-05	6.95E-05	1.24E-04	1.57E-04
702.60379	2.91E-04	3.13E-04	3.03E-04	7.17E-07	3.83E-05	7.45E-05	1.03E-04	1.21E-04	7.83E-07	5.59E-05	5.65E-05	1.02E-04	1.73E-04	7.32E-07	5.32E-05	4.92E-05	1.00E-04	1.28E-04
730.61744	1.67E-03	1.77E-03	1.77E-03	7.17E-07	1.07E-03	1.24E-03	1.50E-03	1.64E-03	1.57E-06	1.29E-03	1.15E-03	1.64E-03	1.44E-03	0.00E+00	1.35E-03	1.46E-03	1.70E-03	1.79E-03
732.60561	1.23E-04	1.32E-04	1.31E-04	0.00E+00	1.35E-04	1.43E-04	1.60E-04	1.76E-04	0.00E+00	1.54E-04	1.37E-04	1.79E-04	1.76E-04	7.32E-07	1.39E-04	1.58E-04	1.80E-04	1.80E-04
738.61509	8.32E-04	8.65E-04	8.83E-04	1.43E-06	1.21E-04	1.77E-04	3.01E-04	3.60E-04	0.00E+00	1.31E-04	1.44E-04	2.99E-04	2.82E-04	7.32E-07	1.67E-04	1.92E-04	2.95E-04	3.90E-04
740.62368	5.25E-05	5.58E-05	5.53E-05	1.43E-06	9.57E-06	1.84E-05	2.80E-05	3.01E-05	0.00E+00	1.01E-05	1.21E-05	2.21E-05	2.81E-05	0.00E+00	1.56E-05	1.92E-05	2.86E-05	3.02E-05
746.61041	2.24E-04	2.42E-04	2.23E-04	0.00E+00	3.52E-05	3.25E-05	6.21E-05	7.05E-05	7.83E-07	2.53E-05	2.81E-05	5.57E-05	6.33E-05	0.00E+00	3.25E-05	2.50E-05	6.37E-05	7.59E-05
756.5707	1.55E-04	1.53E-04	1.54E-04	7.17E-07	7.79E-05	1.41E-04	2.00E-04	1.96E-04	0.00E+00	1.07E-04	1.30E-04	1.87E-04	2.00E-04	0.00E+00	1.14E-04	1.32E-04	1.68E-04	1.90E-04
764.56223	1.23E-04	1.21E-04	1.19E-04	7.17E-07	2.18E-05	3.54E-05	6.43E-05	7.43E-05	0.00E+00	2.20E-05	3.54E-05	6.66E-05	6.84E-05	0.00E+00	2.85E-05	3.69E-05	5.70E-05	6.69E-05
772.57135	2.20E-03	2.26E-03	2.26E-03	0.00E+00	2.30E-03	2.60E-03	2.80E-03	2.89E-03	0.00E+00	2.64E-03	2.56E-03	2.98E-03	2.59E-03	0.00E+00	2.73E-03	2.92E-03	3.07E-03	3.10E-03
774.56961	1.18E-04	1.19E-04	1.26E-04	0.00E+00	9.75E-05	9.15E-05	1.10E-04	1.16E-04	0.00E+00	1.01E-04	1.04E-04	1.26E-04	1.16E-04	0.00E+00	1.06E-04	1.02E-04	1.19E-04	1.24E-04
780.56305	1.04E-03	1.04E-03	1.06E-03	7.17E-07	1.92E-04	3.43E-04	5.09E-04	5.86E-04	7.83E-07	2.44E-04	3.09E-04	5.13E-04	4.65E-04	0.00E+00	2.61E-04	3.30E-04	5.03E-04	6.10E-04
788.56731	3.38E-04	3.29E-04	3.47E-04	7.17E-07	7.70E-05	7.49E-05	1.26E-04	1.53E-04	0.00E+00	5.78E-05	5.51E-05	1.16E-04	1.44E-04	0.00E+00	6.45E-05	6.95E-05	1.16E-04	1.68E-04
796.56535	1.69E-04	1.65E-04	1.68E-04	0.00E+00	3.44E-05	4.43E-05	7.49E-05	8.66E-05	0.00E+00	2.61E-05	3.68E-05	8.08E-05	8.45E-05	7.32E-07	4.07E-05	4.74E-05	8.07E-05	9.74E-05
812.5706	3.75E-05	3.94E-05	3.47E-05	0.00E+00	7.83E-06	1.18E-05	1.52E-05	2.38E-05	0.00E+00	7.45E-06	7.63E-06	1.59E-05	3.32E-05	0.00E+00	1.02E-05	9.04E-06	1.79E-05	1.58E-05
832.39193	9.10E-04	9.50E-04	9.46E-04	0.00E+00	7.22E-04	8.00E-04	9.52E-04	1.08E-03	0.00E+00	8.50E-04	8.73E-04	1.06E-03	9.24E-04	0.00E+00	9.33E-04	9.49E-04	1.17E-03	1.23E-03