Mass	P1_SQ1	P1_SQ2	P1_SQ3	P1_SQ4	P1_SQ5	P2_SQ1	P2_SQ2	P2_SQ3	P2_SQ4	P2_SQ5	P3_SQ1	P3_SQ2	P3_SQ3	P3_SQ4	P3_SQ5	P1_SQ0	P2_SQ0	P3_SQ0
1.0072	0.00163	0.00164	0.00161	0.00172	0.00177	0.00163	0.00165	0.00158	0.00157	0.00165	0.00168	0.00166	0.00167	0.00176	0.00193	0.00167	0.00153	0.00135
11.99903	0.000253	0.000244	0.000243	0.000288	0.000347	0.000243	0.00025	0.000237	0.000241	0.00028	0.000246	0.000241	0.000248	0.000283	0.000349	0.000319	0.000285	0.000236
13.00677	0.000342	0.00033	0.000322	0.000336	0.000347	0.000325	0.000328	0.0003	0.000311	0.000316	0.000336	0.000327	0.000306	0.000304	0.000361	0.000395	0.000358	0.000318
14.01464	0.000882	0.000867	0.00085	0.000861	0.000822	0.000831	0.000822	0.000824	0.000795	0.000773	0.000884	0.00085	0.000841	0.000809	0.000833	0.000757	0.000689	0.000639
15.02292	0.00338	0.00335	0.0033	0.00327	0.00327	0.00329	0.00326	0.00324	0.00317	0.00314	0.00341	0.00328	0.00332	0.00326	0.0033	0.00193	0.00184	0.00175
19.01788	0.000613	0.000624	0.000658	0.000687	0.000672	0.000586	0.000611	0.000651	0.000655	0.000644	0.000592	0.000638	0.00065	0.000662	0.000687	0.000226	0.000218	0.000219
26.01471	0.00215	0.00219	0.00217	0.00211	0.00206	0.00208	0.00207	0.00205	0.00204	0.00199	0.00221	0.00211	0.00212	0.00214	0.00215	0.0015	0.00141	0.0013
26.98166	0.0787	0.0777	0.0757	0.0736	0.0731	0.0755	0.0765	0.073	0.0708	0.0697	0.0824	0.0774	0.0765	0.0748	0.0754	0.0808	0.0757	0.0705
27.02306	0.0274	0.0281	0.0285	0.0293	0.0285	0.0271	0.0279	0.0284	0.0286	0.0286	0.0283	0.0279	0.0283	0.0284	0.0297	0.0124	0.0119	0.0116
27.9881	0.00245	0.00233	0.00223	0.00211	0.0019	0.00231	0.00231	0.0021	0.00201	0.00195	0.00253	0.0023	0.00227	0.00213	0.0021	0.00173	0.00156	0.00148
28.03011	0.00349	0.00355	0.00357	0.00365	0.00358	0.00347	0.00354	0.00361	0.00362	0.00362	0.00366	0.00355	0.00358	0.00359	0.00368	0.000963	0.000958	0.000948
29.00228	0.00319	0.00316	0.00325	0.00329	0.00315	0.00303	0.00316	0.00311	0.00307	0.00298	0.00317	0.00312	0.00319	0.00318	0.00326	0.00216	0.00208	0.002
29.03933	0.0341	0.0353	0.0356	0.0363	0.0361	0.0347	0.0352	0.0362	0.037	0.0369	0.0352	0.035	0.0357	0.0357	0.0364	0.00834	0.00859	0.00874
31.01801	0.00319	0.00333	0.00356	0.0037	0.00363	0.00306	0.00323	0.00344	0.0035	0.00348	0.00315	0.00329	0.0035	0.0035	0.00364	0.00172	0.00167	0.00168
37.00666	0.0004	0.000433	0.000398	0.000413	0.000431	0.000377	0.000406	0.000375	0.000379	0.000365	0.000398	0.000393	0.000405	0.000389	0.000426	0.000554	0.000512	0.000477
38.01699	0.00171	0.00175	0.00183	0.00186	0.0019	0.00165	0.00172	0.00176	0.00173	0.00181	0.00176	0.00175	0.00179	0.00182	0.0019	0.00165	0.00155	0.00147
41.03987	0.06	0.0623	0.0637	0.0659	0.0667	0.0603	0.0615	0.0637	0.0658	0.0669	0.0607	0.0609	0.0628	0.0635	0.0664	0.0169	0.0169	0.017
42.01154	0.00118	0.00121	0.00121	0.00122	0.00115	0.00118	0.0012	0.00119	0.00119	0.00117	0.00124	0.00118	0.00119	0.00118	0.00121	0.000612	0.0006	0.000587
42.04681	0.00443	0.00466	0.00463	0.00484	0.00489	0.00452	0.00458	0.00484	0.00514	0.00521	0.00457	0.00453	0.00471	0.00484	0.0049	0.000974	0.000976	0.000991
43.01764	0.0152	0.015	0.0151	0.015	0.0152	0.0148	0.015	0.0146	0.0143	0.0146	0.0152	0.0152	0.0151	0.0148	0.0152	0.00826	0.00808	0.00791
43.05479	0.0349	0.0361	0.0363	0.0364	0.0346	0.0361	0.036	0.0376	0.0384	0.0381	0.0351	0.0353	0.036	0.0358	0.0354	0.00705	0.00746	0.00814
43.98211	0.00203	0.00201	0.00196	0.00193	0.00191	0.00193	0.002	0.00187	0.00185	0.0018	0.0021	0.00198	0.002	0.00192	0.00195	0.0016	0.00153	0.00142
44.02072	0.000521	0.000527	0.000527	0.000545	0.000531	0.000516	0.00052	0.00054	0.000559	0.000595	0.000494	0.000526	0.000546	0.000544	0.00055	0.000286	0.000287	0.000272
44.99263	0.00329	0.00334	0.00337	0.00335	0.00333	0.00317	0.00334	0.00327	0.00326	0.00317	0.0034	0.00334	0.00334	0.00333	0.00336	0.0035	0.00335	0.00335
45.03159	0.00138	0.00139	0.00151	0.00165	0.00178	0.0014	0.00139	0.0017	0.00186	0.00187	0.00129	0.00138	0.0015	0.00169	0.00172	0.00086	0.000863	0.000882
50.01395	0.00199	0.00211	0.00226	0.00243	0.00265	0.00192	0.00202	0.00216	0.00229	0.00238	0.002	0.00204	0.00225	0.0023	0.00258	0.00317	0.00297	0.00281
51.02233	0.00771	0.00814	0.00867	0.00961	0.0101	0.00754	0.00812	0.00862	0.00908	0.00943	0.00784	0.00801	0.00865	0.00904	0.0102	0.0121	0.0116	0.0111
51.98725	0.000277	0.000291	0.000272	0.00029	0.00028	0.000273	0.000276	0.000266	0.00027	0.000273	0.000305	0.000284	0.000271	0.000292	0.000301	0.000296	0.00029	0.000266
52.02948	0.00393	0.00383	0.00382	0.00402	0.0041	0.00372	0.00376	0.00373	0.00381	0.00392	0.00381	0.00376	0.00378	0.00387	0.00413	0.0034	0.00329	0.0032
52.99956	0.00162	0.00175	0.00185	0.00194	0.00202	0.00164	0.00175	0.00184	0.00188	0.00191	0.00169	0.00176	0.00183	0.00192	0.00199	0.0014	0.00133	0.00125
53.0382	0.0135	0.0145	0.0154	0.0165	0.0173	0.0136	0.0144	0.0156	0.0161	0.0165	0.0139	0.0143	0.0153	0.0158	0.0171	0.00669	0.00648	0.00638
54.04363	0.00237	0.00253	0.00253	0.0027	0.00266	0.00246	0.00247	0.00267	0.00282	0.00295	0.00245	0.00243	0.00258	0.00258	0.0027	0.000675	0.000636	0.000637
55.01834	0.0125	0.0124	0.012	0.0114	0.0108	0.0119	0.0119	0.0113	0.0109	0.0107	0.012	0.0119	0.0115	0.0112	0.011	0.0045	0.00439	0.00436
55.05475	0.0345	0.0354	0.0354	0.0359	0.0352	0.0342	0.0342	0.0352	0.0357	0.036	0.0331	0.0338	0.0343	0.0344	0.0352	0.00505	0.00526	0.00544
56.02262	0.00066	0.000666	0.000628	0.00067	0.000613	0.000625	0.000665	0.00065	0.000631	0.000631	0.000641	0.000628	0.000631	0.000615	0.00063	0.000236	0.000237	0.00023
56.05952	0.00235	0.00247	0.00249	0.00261	0.00251	0.00265	0.0025	0.00277	0.00292	0.00303	0.00238	0.00242	0.0025	0.00252	0.0026	0.000326	0.00033	0.000345
56.99038	0.000217	0.000213	0.00022	0.00022	0.000211	0.000237	0.000231	0.000217	0.000211	0.000208	0.000233	0.000221	0.000223	0.000203	0.000222	0.000235	0.000221	0.000214
57.03274	0.00163	0.00191	0.00208	0.00236	0.00261	0.00171	0.00189	0.00212	0.00226	0.00241	0.00172	0.0019	0.00205	0.00223	0.00237	0.00115	0.0012	0.00128
57.07183	0.0156	0.0157	0.0154	0.015	0.0144	0.0167	0.0156	0.0162	0.0167	0.0165	0.0149	0.0153	0.015	0.0151	0.014	0.00219	0.00242	0.00269
57.99909	0.000327	0.000308	0.000335	0.000327	0.000312	0.000301	0.000331	0.000317	0.000305	0.000324	0.000344	0.000317	0.000314	0.000328	0.000321	0.000235	0.000229	0.000209
58.02571	0.000152	0.000179	0.000188	0.000228	0.000261	0.000176	0.000176	0.000207	0.000263	0.000279	0.000156	0.000177	0.000189	0.000213	0.00022	0.000501	0.000486	0.000489
59.00741	0.000682	0.000683	0.000687	0.000694	0.000694	0.000653	0.000705	0.000701	0.000685	0.000698	0.000691	0.000698	0.000719	0.000726	0.000721	0.000869	0.000865	0.000855
59.04568	0.000645	0.000667	0.000719	0.000758	0.000743	0.000688	0.000681	0.000766	0.000919	0.00102	0.000575	0.000657	0.000695	0.000822	0.000735	0.00101	0.00102	0.00104
60.00073	6.16e-05	5.76e-05	6.06e-05	6.18e-05	7.01e-05	5.99e-05	5.83e-05	6.18e-05	6.68e-05	6.68e-05	6.09e-05	6.6e-05	6.49e-05	6.83e-05	6.02e-05	0.000225	0.000212	0.000208
60.98459	0.00691	0.00694	0.00692	0.0068	0.00661	0.0066	0.00697	0.00669	0.00642	0.00631	0.00698	0.00698	0.00698	0.00681	0.00665	0.00481	0.00461	0.0045
61.00737	0.000221	0.000209	0.000221	0.00025	0.000234	0.000206	0.000232	0.000224	0.000246	0.000257	0.000196	0.000213	0.000233	0.000251	0.000274	0.00106	0.00101	0.000941
63.02078	0.00386	0.0043	0.00477	0.0054	0.00597	0.00385	0.0043	0.00478	0.0052	0.00544	0.004	0.00429	0.00479	0.00509	0.00584	0.00543	0.00519	0.00493
64.029	0.000839	0.000952	0.00105	0.00121	0.00132	0.000832	0.000937	0.00105	0.00114	0.00121	0.000869	0.000928	0.00107	0.0011	0.00129	0.00117	0.00109	0.00107
65.03927	0.00481	0.00554	0.00634	0.00716	0.00763	0.00494	0.00574	0.00634	0.00697	0.00733	0.00508	0.00556	0.00628	0.00667	0.00763	0.00469	0.0046	0.00442
66.00839	0.000449	0.000476	0.000455	0.000448	0.000445	0.000434	0.000463	0.000436	0.000436	0.000427	0.00047	0.000438	0.000464	0.000448	0.000462	0.000396	0.000379	0.000374
66.04549	0.00136	0.00155	0.00175	0.00199	0.00219	0.00139	0.00157	0.0018	0.00193	0.00208	0.0014	0.00159	0.00175	0.00186	0.0021	0.000826	0.000801	0.000764
67.01422	0.000748	0.000827	0.000887	0.000916	0.00101	0.000772	0.000807	0.000865	0.000842	0.000877	0.000773	0.000828	0.000858	0.000872	0.000922	0.000703	0.000681	0.000647
67.05494	0.00545	0.0061	0.00671	0.00746	0.00821	0.00573	0.00605	0.00691	0.00755	0.00805	0.00564	0.00601	0.00658	0.00703	0.00788	0.00125	0.00123	0.00125
68.02482	0.00112	0.00112	0.00106	0.000999	0.000949	0.0011	0.00106	0.00104	0.000985	0.000931	0.00109	0.00107	0.00101	0.00101	0.00092	0.000592	0.000591	0.000598
68.9906	0.00232	0.00235	0.00247	0.0027	0.00286	0.00231	0.00242	0.00246	0.00252	0.00264	0.00238	0.00241	0.00254	0.00263	0.00291	0.00234	0.00223	0.00207
69.03377	0.00211	0.00225	0.00231	0.00232	0.00225	0.00205	0.00222	0.00221	0.00219	0.00215	0.00206	0.00215	0.00221	0.00221	0.00227	0.00101	0.00103	0.00102
69.07075	0.00743	0.00768	0.00783	0.00794	0.00786	0.00753	0.00728	0.00771	0.00791	0.00809	0.00672	0.00714	0.00723	0.00744	0.00751	0.000859	0.000933	0.000981
69.95597	0.000716	0.000718	0.000682	0.000654	0.000662	0.000665	0.000715	0.000649	0.000624	0.000606	0.000752	0.000706	0.000685	0.000671	0.000693	0.000753	0.000705	0.000662
70.07483	0.000755	0.00079	0.00081	0.000828	0.00085	0.00083	0.000809	0.000939	0.001	0.00102	0.00072	0.000752	0.000787	0.000827	0.000855	7.87e-05	8.83e-05	9.58e-05
70.96271	0.000606	0.00059	0.000587	0.000552	0.000495	0.000581	0.000597	0.000562	0.000532	0.000545	0.000619	0.000611	0.000604	0.000586	0.000585	0.000779	0.000724	0.000685
71.00969	0.000627	0.000715	0.000751	0.000815	0.000786	0.000643	0.000702	0.000769	0.00075	0.000784	0.000649	0.000685	0.000747	0.000755	0.000813	0.000433	0.00042	0.000413
71.0474	0.000329	0.00037	0.000423	0.000496	0.000569	0.000341	0.000357	0.000424	0.000488	0.000527	0.000379	0.00044	0.000492	0.000511	0.000596	0.000179	0.000174	0.000186
71.08882	0.00206	0.00216	0.00227	0.00231	0.00229	0.00227	0.0022	0.00244	0.00261	0.0026	0.00199	0.00213	0.00223	0.0023	0.00217	0.00022	0.000262	0.000288
74.0131	0.000675	0.000744	0.000856	0.000978	0.00114	0.000682	0.000759	0.000847	0.000988	0.00102	0.000703	0.000751	0.000854	0.00093	0.00112	0.00142	0.00134	0.00129
75.02402	0.00121	0.00134	0.00157	0.00182	0.00206	0.00117	0.00135	0.00157	0.00177	0.00192	0.00122	0.00135	0.00156	0.00171	0.00196	0.00592	0.00599	0.00573
76.02955	0.000718	0.000854	0.00103	0.0012	0.00134	0.000708	0.000852	0.00101	0.00112	0.00121	0.000739	0.000844	0.001	0.00111	0.00133	0.00303	0.00303	0.00302
77.00371	0.00217	0.00254	0.00305	0.00348	0.00415	0.00223	0.0026	0.00301	0.00334	0.0035	0.00233	0.00263	0.00302	0.00315	0.00373	0.00572	0.00587	0.00588
77.03938	0.00869	0.00987	0.0111	0.0126	0.0138	0.0087	0.0101	0.0112	0.012	0.0127	0.00898	0.00992	0.0112	0.0117	0.0135	0.107	0.106	0.105
78.0429	0.00179	0.00217	0.00255	0.00301	0.00339	0.00193	0.00227	0.00258	0.0029	0.00313	0.00199	0.0022	0.00258	0.0028	0.00327	0.00901	0.00891	0.00891
79.01711	0.0011	0.00122	0.0014	0.00155	0.00171	0.00109	0.0012	0.00137	0.00143	0.00155	0.00112	0.00122	0.00137	0.00141	0.00159	0.000684	0.000664	0.000676
79.05366	0.00274	0.00325	0.00375	0.00454	0.00494	0.00292	0.00337	0.00395	0.00449	0.00483	0.003	0.0033	0.00384	0.00421	0.00503	0.00188	0.00189	0.00205
81.03392	0.00113	0.0013	0.00141	0.00147	0.00153	0.00113	0.00131	0.00138	0.00138	0.00142	0.00115	0.00127	0.00136	0.00137	0.00142	0.000649	0.000672	0.000677
81.07049	0.00223	0.00244	0.00278	0.00321	0.00353	0.00242	0.00254	0.00291	0.00318	0.0034	0.00227	0.00249	0.00282	0.00293	0.00337	0.000392	0.000442	0.000472
81.99816	0.000454	0.000411	0.000371	0.000349	0.000353	0.000426	0.000398	0.000363	0.000362	0.000338	0.000426	0.000408	0.000387	0.000378	0.000343	0.000423	0.0004	0.00038
83.00688	0.000747	0.000768	0.000762	0.000748	0.00069	0.000719	0.000723	0.000723	0.000721	0.000715	0.000738	0.00076	0.000734	0.000734	0.000753	0.000662	0.000651	0.000645
83.08604	0.0011	0.00115	0.00121	0.00127	0.00127	0.00146	0.0011	0.00144	0.00154	0.00165	0.000986	0.00106	0.00114	0.00118	0.00124	0.000143	0.000166	0.000172
84.98319	0.000447	0.000473	0.000477	0.000454	0.000462	0.000435	0.000464	0.000444	0.000442	0.000432	0.000456	0.000479	0.000467	0.000459	0.000462	0.000408	0.000405	0.000376
85.00745	0.000127	0.000136	0.000154	0.000174	0.00019	0.000129	0.000128	0.000153	0.000152	0.000162	0.000133	0.000136	0.000154	0.000159	0.000175	0.000274	0.000256	0.000236
85.02624	0.000223	0.00025	0.00029	0.000332	0.000344	0.000219	0.000254	0.000289	0.00031	0.000319	0.000238	0.00025	0.000287	0.000286	0.000306	0.000218	0.000217	0.000207
85.09986	0.000388	0.000428	0.00047	0.000497	0.00049	0.000479	0.000423	0.000535	0.000596	0.000558	0.00037	0.000407	0.000466	0.000477	0.000491	6.5e-05	7.84e-05	7.97e-05
86.01256	0.000368	0.000398	0.000454	0.000523	0.000579	0.000361	0.000385	0.000459	0.000497	0.000542	0.000375	0.000399	0.000455	0.000524	0.000587	0.00067	0.000625	0.000596
86.9591	0.00359	0.00361	0.00347	0.00333	0.0031	0.00351	0.0036	0.00336	0.00325	0.00307	0.00378	0.00362	0.00355	0.00343	0.00337	0.00375	0.00359	0.00344
87.00031	0.000522	0.000516	0.000522	0.000527	0.000566	0.000486	0.000512	0.000487	0.000506	0.000465	0.000505	0.000541	0.000518	0.000512	0.000493	0.000386	0.000361	0.000349
87.02137	0.000699	0.000785	0.000881	0.00101	0.00104	0.000693	0.000787	0.000898	0.000999	0.00103	0.000708	0.000785	0.000872	0.000943	0.00109	0.00131	0.00121	0.00113
87.96601	0.000402	0.00038	0.000386	0.000358	0.000324	0.000392	0.000398	0.000351	0.000339	0.000333	0.000401	0.000401	0.000394	0.000359	0.000346	0.000435	0.000432	0.000404
88.02816	0.000279	0.000296	0.00034	0.000389	0.000404	0.000295	0.000308	0.000352	0.000371	0.000394	0.000294	0.000309	0.000347	0.00037	0.000415	0.000487	0.000493	0.000463
88.97457	0.000602	0.000633	0.000636	0.00063	0.000599	0.000598	0.000611	0.00063	0.000581	0.000575	0.000618	0.000654	0.000648	0.000638	0.000623	0.000681	0.000669	0.000627
89.03701	0.000929	0.00109	0.00123	0.00144	0.00151	0.000978	0.0011	0.00124	0.00137	0.00147	0.000969	0.00108	0.00124	0.00136	0.00159	0.00226	0.00212	0.00205
90.04694	0.00031	0.000382	0.000431	0.0005	0.000567	0.000314	0.000361	0.000445	0.000483	0.000492	0.000329	0.000372	0.000431	0.000449	0.000544	0.00172	0.0017	0.00164
90.99371	0.000229	0.000239	0.000277	0.000279	0.000328	0.000232	0.000262	0.000266	0.000254	0.000271	0.000229	0.000257	0.000275	0.000272	0.000271	0.000163	0.000173	0.000167
91.05451	0.00454	0.00527	0.00629	0.00777	0.00874	0.00461	0.00539	0.00666	0.0076	0.00811	0.00467	0.00544	0.00668	0.00702	0.00857	0.00525	0.00518	0.00507
92.02546	0.000193	0.000247	0.000279	0.000314	0.00038	0.000213	0.000232	0.00028	0.000305	0.000321	0.000211	0.000234	0.000275	0.000294	0.000344	0.00041	0.000407	0.000393
92.98921	0.000367	0.000374	0.000389	0.000412	0.000413	0.000347	0.000373	0.00038	0.000399	0.000393	0.00036	0.000369	0.00037	0.000393	0.000409	0.000461	0.000442	0.000418
93.06637	0.000622	0.000722	0.000894	0.00115	0.00136	0.000701	0.000788	0.000968	0.00114	0.0013	0.000663	0.000769	0.000933	0.00107	0.00131	0.000232	0.000214	0.000229
94.04016	0.000203	0.000245	0.000294	0.000303	0.00033	0.000222	0.000249	0.000298	0.000312	0.000308	0.000218	0.000264	0.000278	0.000287	0.000311	0.000187	0.000179	0.000189
94.96289	0.000422	0.000401	0.000413	0.000403	0.000388	0.000399	0.000404	0.000394	0.000389	0.000371	0.000464	0.000426	0.00041	0.000401	0.000406	0.000584	0.000545	0.000524
95.00714	0.000331	0.000359	0.000371	0.000369	0.000375	0.000314	0.00035	0.00039	0.00038	0.00037	0.000327	0.000363	0.00037	0.000368	0.000399	0.000325	0.000324	0.000295
95.04826	0.000541	0.000639	0.000712	0.000797	0.000846	0.000531	0.000648	0.000714	0.000736	0.000758	0.000531	0.00063	0.000682	0.000698	0.000763	0.000289	0.000293	0.0003
95.08577	0.000748	0.000849	0.000986	0.00117	0.00134	0.000878	0.000871	0.00106	0.00119	0.00131	0.000739	0.000856	0.000967	0.0011	0.00124	0.000108	0.000123	0.000135
97.09684	0.000316	0.000322	0.000363	0.000403	0.000445	0.000936	0.000351	0.000757	0.000821	0.000938	0.000281	0.000311	0.000339	0.000352	0.000374	5.37e-05	6.19e-05	5.57e-05
98.01185	0.000228	0.000267	0.000293	0.000351	0.000377	0.000226	0.000257	0.000312	0.000347	0.000361	0.00024	0.000252	0.000301	0.000332	0.000369	0.000449	0.000406	0.000379
99.00088	0.000682	0.000672	0.000677	0.000637	0.000606	0.000681	0.000676	0.000626	0.000612	0.000568	0.000672	0.000657	0.000676	0.000617	0.00061	0.000538	0.000524	0.000492
99.02133	0.000226	0.000249	0.000278	0.000328	0.000336	0.000238	0.000248	0.000287	0.000334	0.000331	0.000236	0.000252	0.000297	0.000322	0.000366	0.000475	0.000454	0.000426
